0.0 0.0
5.138746145940391E-4 0.5
0.0010277492291880781 0.6666666666666666
0.0010277492291880781 0.5
0.001541623843782117 0.6
0.001541623843782117 0.5
0.0020554984583761563 0.5714285714285714
0.0020554984583761563 0.5
0.0025693730729701952 0.5555555555555556
0.003083247687564234 0.6
0.0035971223021582736 0.6363636363636364
0.0041109969167523125 0.6666666666666666
0.0046248715313463515 0.6923076923076923
0.0051387461459403904 0.7142857142857143
0.0051387461459403904 0.6666666666666666
0.005652620760534429 0.6875
0.006166495375128468 0.7058823529411765
0.006680369989722507 0.7222222222222222
0.007194244604316547 0.7368421052631579
0.007708119218910586 0.75
0.008221993833504625 0.7619047619047619
0.008735868448098663 0.7727272727272727
0.009249743062692703 0.782608695652174
0.009763617677286743 0.7916666666666666
0.010277492291880781 0.8
0.010277492291880781 0.7692307692307693
0.010277492291880781 0.7407407407407407
0.01079136690647482 0.75
0.011305241521068859 0.7586206896551724
0.011819116135662899 0.7666666666666667
0.012332990750256937 0.7741935483870968
0.012332990750256937 0.75
0.012332990750256937 0.7272727272727273
0.012846865364850977 0.7352941176470589
0.013360739979445015 0.7428571428571429
0.013874614594039054 0.75
0.014388489208633094 0.7567567567567568
0.014388489208633094 0.7368421052631579
0.014902363823227132 0.7435897435897436
0.015416238437821172 0.75
0.01593011305241521 0.7560975609756098
0.01593011305241521 0.7380952380952381
0.01593011305241521 0.7209302325581395
0.01644398766700925 0.7272727272727273
0.01695786228160329 0.7333333333333333
0.017471736896197326 0.7391304347826086
0.017985611510791366 0.7446808510638298
0.017985611510791366 0.7291666666666666
0.018499486125385406 0.7346938775510204
0.019013360739979446 0.74
0.019527235354573486 0.7450980392156863
0.020041109969167522 0.75
0.020554984583761562 0.7547169811320755
0.0210688591983556 0.7592592592592593
0.0210688591983556 0.7454545454545455
0.02158273381294964 0.75
0.02158273381294964 0.7368421052631579
0.02158273381294964 0.7241379310344828
0.022096608427543678 0.7288135593220338
0.022610483042137718 0.7333333333333333
0.023124357656731757 0.7377049180327869
0.023638232271325797 0.7419354838709677
0.024152106885919837 0.746031746031746
0.024665981500513873 0.75
0.025179856115107913 0.7538461538461538
0.025693730729701953 0.7575757575757576
0.026207605344295993 0.7611940298507462
0.026207605344295993 0.75
0.02672147995889003 0.7536231884057971
0.02672147995889003 0.7428571428571429
0.02723535457348407 0.7464788732394366
0.02774922918807811 0.75
0.02774922918807811 0.7397260273972602
0.02774922918807811 0.7297297297297297
0.02826310380267215 0.7333333333333333
0.02877697841726619 0.7368421052631579
0.02877697841726619 0.7272727272727273
0.02877697841726619 0.717948717948718
0.029290853031860225 0.7215189873417721
0.029804727646454265 0.725
0.029804727646454265 0.7160493827160493
0.030318602261048305 0.7195121951219512
0.030318602261048305 0.7108433734939759
0.030832476875642344 0.7142857142857143
0.03134635149023638 0.7176470588235294
0.03134635149023638 0.7093023255813954
0.03186022610483042 0.7126436781609196
0.03237410071942446 0.7159090909090909
0.03237410071942446 0.7078651685393258
0.0328879753340185 0.7111111111111111
0.03340184994861254 0.7142857142857143
0.03340184994861254 0.7065217391304348
0.03391572456320658 0.7096774193548387
0.03442959917780062 0.7127659574468085
0.03494347379239465 0.7157894736842105
0.03494347379239465 0.7083333333333334
0.03494347379239465 0.7010309278350515
0.03545734840698869 0.7040816326530612
0.03597122302158273 0.7070707070707071
0.03648509763617677 0.71
0.03648509763617677 0.7029702970297029
0.03648509763617677 0.696078431372549
0.03699897225077081 0.6990291262135923
0.03751284686536485 0.7019230769230769
0.03802672147995889 0.7047619047619048
0.03802672147995889 0.6981132075471698
0.03854059609455293 0.7009345794392523
0.03854059609455293 0.6944444444444444
0.03854059609455293 0.6880733944954128
0.03905447070914697 0.6909090909090909
0.039568345323741004 0.6936936936936937
0.040082219938335044 0.6964285714285714
0.040596094552929084 0.6991150442477876
0.041109969167523124 0.7017543859649122
0.041109969167523124 0.6956521739130435
0.041109969167523124 0.6896551724137931
0.041109969167523124 0.6837606837606838
0.041109969167523124 0.6779661016949152
0.041109969167523124 0.6722689075630253
0.04162384378211716 0.675
0.04162384378211716 0.6694214876033058
0.04162384378211716 0.6639344262295082
0.04162384378211716 0.6585365853658537
0.0421377183967112 0.6612903225806451
0.04265159301130524 0.664
0.04316546762589928 0.6666666666666666
0.04316546762589928 0.6614173228346457
0.04367934224049332 0.6640625
0.04367934224049332 0.6589147286821705
0.044193216855087356 0.6615384615384615
0.044193216855087356 0.6564885496183206
0.044707091469681395 0.6590909090909091
0.044707091469681395 0.6541353383458647
0.045220966084275435 0.6567164179104478
0.045220966084275435 0.6518518518518519
0.045220966084275435 0.6470588235294118
0.045734840698869475 0.6496350364963503
0.045734840698869475 0.644927536231884
0.046248715313463515 0.6474820143884892
0.046248715313463515 0.6428571428571429
0.046248715313463515 0.6382978723404256
0.046248715313463515 0.6338028169014085
0.046762589928057555 0.6363636363636364
0.046762589928057555 0.6319444444444444
0.047276464542651594 0.6344827586206897
0.047276464542651594 0.6301369863013698
0.047790339157245634 0.6326530612244898
0.048304213771839674 0.6351351351351351
0.048304213771839674 0.6308724832214765
0.04881808838643371 0.6333333333333333
0.04933196300102775 0.6357615894039735
0.04933196300102775 0.631578947368421
0.04984583761562179 0.6339869281045751
0.04984583761562179 0.6298701298701299
0.050359712230215826 0.632258064516129
0.050873586844809866 0.6346153846153846
0.051387461459403906 0.6369426751592356
0.051901336073997946 0.6392405063291139
0.051901336073997946 0.6352201257861635
0.051901336073997946 0.63125
0.051901336073997946 0.6273291925465838
0.052415210688591986 0.6296296296296297
0.052929085303186026 0.6319018404907976
0.05344295991778006 0.6341463414634146
0.05344295991778006 0.6303030303030303
0.0539568345323741 0.6325301204819277
0.05447070914696814 0.6347305389221557
0.05447070914696814 0.6309523809523809
0.05498458376156218 0.6331360946745562
0.05549845837615622 0.6352941176470588
0.05601233299075026 0.6374269005847953
0.0565262076053443 0.6395348837209303
0.0565262076053443 0.6358381502890174
0.05704008221993834 0.6379310344827587
0.05755395683453238 0.64
0.05806783144912641 0.6420454545454546
0.05858170606372045 0.6440677966101694
0.05909558067831449 0.6460674157303371
0.05960945529290853 0.6480446927374302
0.05960945529290853 0.6444444444444445
0.06012332990750257 0.6464088397790055
0.06063720452209661 0.6483516483516484
0.06063720452209661 0.644808743169399
0.06063720452209661 0.6413043478260869
0.06115107913669065 0.6432432432432432
0.06115107913669065 0.6397849462365591
0.06166495375128469 0.6417112299465241
0.06217882836587873 0.6436170212765957
0.06269270298047276 0.6455026455026455
0.0632065775950668 0.6473684210526316
0.06372045220966084 0.6492146596858639
0.06372045220966084 0.6458333333333334
0.06423432682425488 0.6476683937823834
0.06474820143884892 0.6494845360824743
0.06526207605344296 0.6512820512820513
0.06526207605344296 0.6479591836734694
0.065775950668037 0.649746192893401
0.06628982528263104 0.6515151515151515
0.06680369989722508 0.6532663316582915
0.06680369989722508 0.65
0.06731757451181912 0.6517412935323383
0.06731757451181912 0.6485148514851485
0.06731757451181912 0.645320197044335
0.06783144912641316 0.6470588235294118
0.0683453237410072 0.6487804878048781
0.0683453237410072 0.6456310679611651
0.06885919835560124 0.6473429951690821
0.06885919835560124 0.6442307692307693
0.06937307297019528 0.645933014354067
0.0698869475847893 0.6476190476190476
0.0698869475847893 0.6445497630331753
0.0698869475847893 0.6415094339622641
0.0698869475847893 0.6384976525821596
0.0698869475847893 0.6355140186915887
0.0698869475847893 0.6325581395348837
0.07040082219938334 0.6342592592592593
0.07040082219938334 0.631336405529954
0.07091469681397738 0.6330275229357798
0.07091469681397738 0.6301369863013698
0.07142857142857142 0.6318181818181818
0.07194244604316546 0.6334841628959276
0.07194244604316546 0.6306306306306306
0.0724563206577595 0.6322869955156951
0.07297019527235354 0.6339285714285714
0.07348406988694758 0.6355555555555555
0.07399794450154162 0.6371681415929203
0.07451181911613566 0.6387665198237885
0.07451181911613566 0.6359649122807017
0.0750256937307297 0.6375545851528385
0.07553956834532374 0.6391304347826087
0.07553956834532374 0.6363636363636364
0.07553956834532374 0.6336206896551724
0.07553956834532374 0.630901287553648
0.07553956834532374 0.6282051282051282
0.07605344295991778 0.6297872340425532
0.07656731757451182 0.6313559322033898
0.07708119218910586 0.6329113924050633
0.07708119218910586 0.6302521008403361
0.0775950668036999 0.6317991631799164
0.07810894141829394 0.6333333333333333
0.07810894141829394 0.6307053941908713
0.07810894141829394 0.628099173553719
0.07810894141829394 0.6255144032921811
0.07862281603288798 0.6270491803278688
0.07913669064748201 0.6285714285714286
0.07965056526207605 0.6300813008130082
0.08016443987667009 0.631578947368421
0.08067831449126413 0.6330645161290323
0.08067831449126413 0.6305220883534136
0.08119218910585817 0.632
0.08170606372045221 0.6334661354581673
0.08170606372045221 0.6309523809523809
0.08221993833504625 0.6324110671936759
0.08221993833504625 0.6299212598425197
0.08273381294964029 0.6313725490196078
0.08324768756423433 0.6328125
0.08376156217882837 0.6342412451361867
0.08376156217882837 0.6317829457364341
0.0842754367934224 0.6332046332046332
0.08478931140801645 0.6346153846153846
0.08478931140801645 0.632183908045977
0.08478931140801645 0.6297709923664122
0.08478931140801645 0.6273764258555133
0.08478931140801645 0.625
0.08478931140801645 0.6226415094339622
0.08478931140801645 0.6203007518796992
0.08530318602261049 0.6217228464419475
0.08581706063720453 0.6231343283582089
0.08581706063720453 0.620817843866171
0.08633093525179857 0.6222222222222222
0.0868448098663926 0.6236162361623616
0.08735868448098665 0.625
0.08787255909558069 0.6263736263736264
0.08787255909558069 0.6240875912408759
0.08787255909558069 0.6218181818181818
0.08787255909558069 0.6195652173913043
0.08787255909558069 0.6173285198555957
0.08787255909558069 0.6151079136690647
0.08838643371017471 0.6164874551971327
0.08890030832476875 0.6178571428571429
0.08941418293936279 0.6192170818505338
0.08941418293936279 0.6170212765957447
0.08992805755395683 0.6183745583038869
0.09044193216855087 0.6197183098591549
0.09095580678314491 0.6210526315789474
0.09146968139773895 0.6223776223776224
0.09198355601233299 0.6236933797909407
0.09198355601233299 0.6215277777777778
0.09249743062692703 0.6228373702422145
0.09301130524152107 0.6241379310344828
0.09301130524152107 0.6219931271477663
0.09352517985611511 0.6232876712328768
0.09403905447070915 0.6245733788395904
0.09455292908530319 0.6258503401360545
0.09506680369989723 0.6271186440677966
0.09506680369989723 0.625
0.09506680369989723 0.622895622895623
0.09506680369989723 0.6208053691275168
0.09506680369989723 0.6187290969899666
0.09558067831449127 0.62
0.09558067831449127 0.6179401993355482
0.09558067831449127 0.6158940397350994
0.09609455292908531 0.6171617161716172
0.09660842754367935 0.618421052631579
0.09712230215827339 0.6196721311475409
0.09763617677286741 0.6209150326797386
0.09763617677286741 0.6188925081433225
0.09815005138746145 0.6201298701298701
0.0986639260020555 0.6213592233009708
0.0986639260020555 0.6193548387096774
0.0986639260020555 0.617363344051447
0.09917780061664953 0.6185897435897436
0.09917780061664953 0.6166134185303515
0.09917780061664953 0.6146496815286624
0.09969167523124357 0.6158730158730159
0.09969167523124357 0.6139240506329114
0.09969167523124357 0.61198738170347
0.09969167523124357 0.610062893081761
0.09969167523124357 0.6081504702194357
0.10020554984583761 0.609375
0.10020554984583761 0.6074766355140186
0.10071942446043165 0.6086956521739131
0.10071942446043165 0.6068111455108359
0.10123329907502569 0.6080246913580247
0.10123329907502569 0.6061538461538462
0.10123329907502569 0.6042944785276073
0.10123329907502569 0.6024464831804281
0.10123329907502569 0.600609756097561
0.10123329907502569 0.5987841945288754
0.10123329907502569 0.5969696969696969
0.10123329907502569 0.595166163141994
0.10123329907502569 0.5933734939759037
0.10123329907502569 0.5915915915915916
0.10123329907502569 0.5898203592814372
0.10174717368961973 0.591044776119403
0.10226104830421377 0.5922619047619048
0.10226104830421377 0.5905044510385756
0.10277492291880781 0.591715976331361
0.10277492291880781 0.5899705014749262
0.10277492291880781 0.5882352941176471
0.10277492291880781 0.5865102639296188
0.10328879753340185 0.5877192982456141
0.10328879753340185 0.5860058309037901
0.10328879753340185 0.5843023255813954
0.10328879753340185 0.5826086956521739
0.10328879753340185 0.5809248554913294
0.10328879753340185 0.579250720461095
0.10328879753340185 0.5775862068965517
0.10328879753340185 0.5759312320916905
0.10328879753340185 0.5742857142857143
0.10328879753340185 0.5726495726495726
0.10328879753340185 0.5710227272727273
0.10328879753340185 0.5694050991501416
0.10328879753340185 0.5677966101694916
0.10328879753340185 0.5661971830985916
0.10328879753340185 0.5646067415730337
0.10380267214799589 0.5658263305322129
0.10431654676258993 0.5670391061452514
0.10483042137718397 0.5682451253481894
0.10483042137718397 0.5666666666666667
0.10483042137718397 0.5650969529085873
0.10534429599177801 0.5662983425414365
0.10585817060637205 0.5674931129476584
0.10637204522096609 0.5686813186813187
0.10688591983556012 0.5698630136986301
0.10688591983556012 0.5683060109289617
0.10688591983556012 0.5667574931880109
0.10688591983556012 0.5652173913043478
0.10688591983556012 0.5636856368563685
0.10688591983556012 0.5621621621621622
0.10688591983556012 0.5606469002695418
0.10688591983556012 0.5591397849462365
0.10688591983556012 0.5576407506702413
0.10739979445015416 0.5588235294117647
0.10739979445015416 0.5573333333333333
0.10739979445015416 0.5558510638297872
0.1079136690647482 0.5570291777188329
0.10842754367934224 0.5582010582010583
0.10842754367934224 0.5567282321899736
0.10894141829393628 0.5578947368421052
0.10945529290853032 0.5590551181102362
0.10996916752312436 0.5602094240837696
0.10996916752312436 0.5587467362924282
0.10996916752312436 0.5572916666666666
0.10996916752312436 0.5558441558441558
0.10996916752312436 0.5544041450777202
0.1104830421377184 0.5555555555555556
0.11099691675231244 0.5567010309278351
0.11099691675231244 0.5552699228791774
0.11099691675231244 0.5538461538461539
0.11099691675231244 0.5524296675191815
0.11099691675231244 0.5510204081632653
0.11099691675231244 0.549618320610687
0.11099691675231244 0.5482233502538071
0.11099691675231244 0.5468354430379747
0.11099691675231244 0.5454545454545454
0.11151079136690648 0.5465994962216625
0.11151079136690648 0.5452261306532663
0.11202466598150052 0.5463659147869674
0.11202466598150052 0.545
0.11202466598150052 0.543640897755611
0.11253854059609456 0.5447761194029851
0.11253854059609456 0.543424317617866
0.11253854059609456 0.5420792079207921
0.11253854059609456 0.5407407407407407
0.11253854059609456 0.5394088669950738
0.11253854059609456 0.538083538083538
0.11253854059609456 0.5367647058823529
0.1130524152106886 0.5378973105134475
0.11356628982528263 0.5390243902439025
0.11356628982528263 0.537712895377129
0.11356628982528263 0.5364077669902912
0.11356628982528263 0.5351089588377724
0.11356628982528263 0.533816425120773
0.11408016443987667 0.5349397590361445
0.11408016443987667 0.5336538461538461
0.11459403905447071 0.5347721822541966
0.11459403905447071 0.5334928229665071
0.11459403905447071 0.5322195704057279
0.11459403905447071 0.530952380952381
0.11510791366906475 0.5320665083135392
0.11510791366906475 0.5308056872037915
0.11510791366906475 0.5295508274231678
0.11510791366906475 0.5283018867924528
0.11510791366906475 0.5270588235294118
0.11510791366906475 0.5258215962441315
0.11510791366906475 0.5245901639344263
0.11510791366906475 0.5233644859813084
0.11510791366906475 0.5221445221445221
0.11510791366906475 0.5209302325581395
0.11510791366906475 0.5197215777262181
0.1156217882836588 0.5208333333333334
0.1156217882836588 0.5196304849884527
0.1156217882836588 0.5184331797235023
0.1156217882836588 0.5172413793103449
0.1156217882836588 0.5160550458715596
0.1156217882836588 0.5148741418764302
0.1156217882836588 0.5136986301369864
0.1156217882836588 0.5125284738041003
0.1156217882836588 0.5113636363636364
0.1156217882836588 0.5102040816326531
0.1156217882836588 0.5090497737556561
0.1156217882836588 0.5079006772009029
0.11613566289825282 0.509009009009009
0.11613566289825282 0.5078651685393258
0.11613566289825282 0.5067264573991032
0.11613566289825282 0.5055928411633109
0.11613566289825282 0.5044642857142857
0.11664953751284686 0.5055679287305123
0.11664953751284686 0.5044444444444445
0.11664953751284686 0.5033259423503326
0.1171634121274409 0.504424778761062
0.1171634121274409 0.5033112582781457
0.11767728674203494 0.5044052863436124
0.11767728674203494 0.5032967032967033
0.11767728674203494 0.5021929824561403
0.11767728674203494 0.5010940919037199
0.11767728674203494 0.5
0.11767728674203494 0.4989106753812636
0.11767728674203494 0.49782608695652175
0.11767728674203494 0.4967462039045553
0.11767728674203494 0.49567099567099565
0.11819116135662898 0.49676025917926564
0.11870503597122302 0.4978448275862069
0.11870503597122302 0.4967741935483871
0.11921891058581706 0.4978540772532189
0.11921891058581706 0.49678800856531047
0.1197327852004111 0.49786324786324787
0.12024665981500514 0.4989339019189765
0.12076053442959918 0.5
0.12127440904419322 0.5010615711252654
0.12127440904419322 0.5
0.12127440904419322 0.4989429175475687
0.12127440904419322 0.4978902953586498
0.12178828365878726 0.49894736842105264
0.12178828365878726 0.49789915966386555
0.12178828365878726 0.4968553459119497
0.12178828365878726 0.49581589958158995
0.12178828365878726 0.49478079331941544
0.12178828365878726 0.49375
0.1223021582733813 0.49480249480249483
0.1223021582733813 0.49377593360995853
0.12281603288797534 0.494824016563147
0.12281603288797534 0.493801652892562
0.12281603288797534 0.4927835051546392
0.12332990750256938 0.49382716049382713
0.12332990750256938 0.4928131416837782
0.12332990750256938 0.4918032786885246
0.12332990750256938 0.49079754601226994
0.12332990750256938 0.4897959183673469
0.12332990750256938 0.48879837067209775
0.12332990750256938 0.4878048780487805
0.12332990750256938 0.486815415821501
0.12332990750256938 0.48582995951417
0.12332990750256938 0.48484848484848486
0.12332990750256938 0.4838709677419355
0.12332990750256938 0.482897384305835
0.12332990750256938 0.4819277108433735
0.12332990750256938 0.48096192384769537
0.12332990750256938 0.48
0.12384378211716342 0.4810379241516966
0.12384378211716342 0.4800796812749004
0.12384378211716342 0.47912524850894633
0.12384378211716342 0.4781746031746032
0.12384378211716342 0.4772277227722772
0.12435765673175746 0.4782608695652174
0.12435765673175746 0.47731755424063116
0.12435765673175746 0.4763779527559055
0.12435765673175746 0.47544204322200395
0.12435765673175746 0.4745098039215686
0.12435765673175746 0.4735812133072407
0.1248715313463515 0.474609375
0.1248715313463515 0.47368421052631576
0.12538540596094552 0.47470817120622566
0.12589928057553956 0.47572815533980584
0.12589928057553956 0.4748062015503876
0.12589928057553956 0.4738878143133462
0.12589928057553956 0.47297297297297297
0.1264131551901336 0.47398843930635837
0.1264131551901336 0.47307692307692306
0.1264131551901336 0.472168905950096
0.1264131551901336 0.47126436781609193
0.1264131551901336 0.47036328871892924
0.12692702980472764 0.4713740458015267
0.12692702980472764 0.4704761904761905
0.12692702980472764 0.4695817490494297
0.12692702980472764 0.4686907020872865
0.12692702980472764 0.4678030303030303
0.12692702980472764 0.4669187145557656
0.12692702980472764 0.4660377358490566
0.12692702980472764 0.4651600753295669
0.12692702980472764 0.4642857142857143
0.12744090441932168 0.4652908067542214
0.12795477903391572 0.46629213483146065
0.12795477903391572 0.4654205607476635
0.12846865364850976 0.4664179104477612
0.1289825282631038 0.46741154562383613
0.12949640287769784 0.4684014869888476
0.13001027749229188 0.46938775510204084
0.13001027749229188 0.4685185185185185
0.13001027749229188 0.4676524953789279
0.13052415210688592 0.46863468634686345
0.13052415210688592 0.4677716390423573
0.13103802672147996 0.46875
0.13103802672147996 0.46788990825688076
0.131551901336074 0.46886446886446886
0.131551901336074 0.4680073126142596
0.131551901336074 0.46715328467153283
0.131551901336074 0.4663023679417122
0.131551901336074 0.46545454545454545
0.131551901336074 0.4646098003629764
0.131551901336074 0.463768115942029
0.13206577595066804 0.46473779385171793
0.13257965056526208 0.4657039711191336
0.13257965056526208 0.4648648648648649
0.13257965056526208 0.46402877697841727
0.13309352517985612 0.4649910233393178
0.13309352517985612 0.46415770609318996
0.13309352517985612 0.46332737030411447
0.13309352517985612 0.4625
0.13309352517985612 0.46167557932263814
0.13309352517985612 0.4608540925266904
0.13309352517985612 0.46003552397868563
0.13309352517985612 0.4592198581560284
0.13309352517985612 0.4584070796460177
0.13360739979445016 0.45936395759717313
0.13360739979445016 0.4585537918871252
0.13360739979445016 0.45774647887323944
0.1341212744090442 0.45869947275922673
0.1341212744090442 0.45789473684210524
0.1341212744090442 0.45709281961471104
0.1341212744090442 0.4562937062937063
0.1341212744090442 0.45549738219895286
0.1341212744090442 0.4547038327526132
0.1341212744090442 0.4539130434782609
0.1341212744090442 0.453125
0.1341212744090442 0.45233968804159447
0.1341212744090442 0.4515570934256055
0.1341212744090442 0.45077720207253885
0.1341212744090442 0.45
0.1341212744090442 0.44922547332185886
0.1341212744090442 0.4484536082474227
0.1341212744090442 0.44768439108061747
0.1341212744090442 0.4469178082191781
0.1341212744090442 0.4461538461538462
0.1341212744090442 0.4453924914675768
0.1341212744090442 0.444633730834753
0.1341212744090442 0.44387755102040816
0.1341212744090442 0.4431239388794567
0.1341212744090442 0.4423728813559322
0.1341212744090442 0.4416243654822335
0.1341212744090442 0.4408783783783784
0.1341212744090442 0.44013490725126475
0.1341212744090442 0.4393939393939394
0.13463514902363824 0.4403361344537815
0.13463514902363824 0.4395973154362416
0.13463514902363824 0.4388609715242881
0.13463514902363824 0.43812709030100333
0.13463514902363824 0.4373956594323873
0.13463514902363824 0.43666666666666665
0.13463514902363824 0.43594009983361065
0.13463514902363824 0.43521594684385384
0.13514902363823228 0.4361525704809287
0.13566289825282632 0.4370860927152318
0.13617677286742036 0.4380165289256198
0.13617677286742036 0.4372937293729373
0.1366906474820144 0.4382207578253707
0.13720452209660844 0.43914473684210525
0.13720452209660844 0.43842364532019706
0.13720452209660844 0.4377049180327869
0.13720452209660844 0.4369885433715221
0.13720452209660844 0.4362745098039216
0.13720452209660844 0.4355628058727569
0.13720452209660844 0.43485342019543977
0.13720452209660844 0.43414634146341463
0.13720452209660844 0.43344155844155846
0.13720452209660844 0.4327390599675851
0.13720452209660844 0.4320388349514563
0.13720452209660844 0.43134087237479807
0.13771839671120248 0.432258064516129
0.13771839671120248 0.43156199677938806
0.13771839671120248 0.43086816720257237
0.13771839671120248 0.4301765650080257
0.13771839671120248 0.42948717948717946
0.13771839671120248 0.4288
0.13771839671120248 0.4281150159744409
0.13771839671120248 0.4274322169059011
0.13823227132579652 0.428343949044586
0.13823227132579652 0.4276629570747218
0.13823227132579652 0.42698412698412697
0.13823227132579652 0.42630744849445323
0.13823227132579652 0.42563291139240506
0.13823227132579652 0.42496050552922593
0.13874614594039056 0.42586750788643535
0.13874614594039056 0.4251968503937008
0.13926002055498457 0.4261006289308176
0.1397738951695786 0.42700156985871274
0.1397738951695786 0.4263322884012539
0.1397738951695786 0.42566510172143973
0.1397738951695786 0.425
0.1397738951695786 0.4243369734789392
0.1397738951695786 0.4236760124610592
0.1397738951695786 0.4230171073094868
0.1397738951695786 0.422360248447205
0.1397738951695786 0.42170542635658914
0.1397738951695786 0.42105263157894735
0.14028776978417265 0.42194744976816073
0.1408016443987667 0.4228395061728395
0.14131551901336073 0.423728813559322
0.14182939362795477 0.4246153846153846
0.14182939362795477 0.423963133640553
0.14182939362795477 0.4233128834355828
0.1423432682425488 0.4241960183767228
0.1423432682425488 0.4235474006116208
0.14285714285714285 0.42442748091603055
0.14285714285714285 0.42378048780487804
0.14285714285714285 0.4231354642313546
0.1433710174717369 0.42401215805471126
0.1433710174717369 0.4233687405159332
0.1433710174717369 0.42272727272727273
0.1433710174717369 0.42208774583963693
0.14388489208633093 0.4229607250755287
0.14388489208633093 0.42232277526395173
0.14388489208633093 0.42168674698795183
0.14388489208633093 0.42105263157894735
0.14388489208633093 0.42042042042042044
0.14388489208633093 0.4197901049475262
0.14388489208633093 0.41916167664670656
0.14388489208633093 0.41853512705530643
0.14439876670092497 0.41940298507462687
0.14439876670092497 0.4187779433681073
0.14439876670092497 0.4181547619047619
0.14439876670092497 0.4175334323922734
0.14439876670092497 0.4169139465875371
0.14439876670092497 0.4162962962962963
0.14439876670092497 0.4156804733727811
0.14439876670092497 0.4150664697193501
0.144912641315519 0.415929203539823
0.144912641315519 0.41531664212076586
0.144912641315519 0.4147058823529412
0.144912641315519 0.41409691629955947
0.144912641315519 0.41348973607038125
0.14542651593011305 0.4143484626647145
0.14542651593011305 0.4137426900584795
0.14542651593011305 0.4131386861313869
0.14542651593011305 0.41253644314868804
0.14542651593011305 0.4119359534206696
0.1459403905447071 0.4127906976744186
0.1459403905447071 0.41219158200290273
0.1459403905447071 0.4115942028985507
0.14645426515930113 0.41244573082489144
0.14696813977389517 0.41329479768786126
0.1474820143884892 0.41414141414141414
0.14799588900308325 0.414985590778098
0.14799588900308325 0.4143884892086331
0.14799588900308325 0.41379310344827586
0.14799588900308325 0.4131994261119082
0.1485097636176773 0.4140401146131805
0.14902363823227133 0.41487839771101576
0.14902363823227133 0.4142857142857143
0.14902363823227133 0.4136947218259629
0.14902363823227133 0.4131054131054131
0.14902363823227133 0.41251778093883357
0.14902363823227133 0.4119318181818182
0.14902363823227133 0.41134751773049644
0.14902363823227133 0.41076487252124644
0.14953751284686537 0.4115983026874116
0.14953751284686537 0.4110169491525424
0.1500513874614594 0.4118476727785614
0.1500513874614594 0.4112676056338028
0.1500513874614594 0.41068917018284107
0.1500513874614594 0.4101123595505618
0.15056526207605345 0.4109396914446003
0.15056526207605345 0.4103641456582633
0.1510791366906475 0.4111888111888112
0.1510791366906475 0.4106145251396648
0.1510791366906475 0.4100418410041841
0.15159301130524153 0.41086350974930363
0.15159301130524153 0.4102920723226704
0.15159301130524153 0.4097222222222222
0.15159301130524153 0.4091539528432732
0.15159301130524153 0.4085872576177285
0.15159301130524153 0.40802213001383125
0.15159301130524153 0.4074585635359116
0.15210688591983557 0.40827586206896554
0.15210688591983557 0.40771349862258954
0.1526207605344296 0.40852819807427787
0.15313463514902365 0.40934065934065933
0.15364850976361769 0.4101508916323731
0.15364850976361769 0.4095890410958904
0.15416238437821173 0.4103967168262654
0.15416238437821173 0.4098360655737705
0.15416238437821173 0.4092769440654843
0.15467625899280577 0.4100817438692098
0.1551901336073998 0.4108843537414966
0.15570400822199384 0.4116847826086957
0.15621788283658788 0.412483039348711
0.15621788283658788 0.41192411924119243
0.15621788283658788 0.41136671177266576
0.15621788283658788 0.41081081081081083
0.15621788283658788 0.41025641025641024
0.15621788283658788 0.40970350404312667
0.15621788283658788 0.40915208613728127
0.15621788283658788 0.40860215053763443
0.15621788283658788 0.4080536912751678
0.15621788283658788 0.4075067024128686
0.15621788283658788 0.4069611780455154
0.15673175745118192 0.4077540106951872
0.15673175745118192 0.40720961281708945
0.15724563206577596 0.408
0.15724563206577596 0.40745672436750996
0.15724563206577596 0.40691489361702127
0.15724563206577596 0.4063745019920319
0.15724563206577596 0.40583554376657827
0.15724563206577596 0.4052980132450331
0.15724563206577596 0.40476190476190477
0.15775950668036998 0.40554821664464996
0.15775950668036998 0.4050131926121372
0.15775950668036998 0.4044795783926219
0.15827338129496402 0.4052631578947368
0.15827338129496402 0.40473061760841
0.15827338129496402 0.4041994750656168
0.15827338129496402 0.4036697247706422
0.15878725590955806 0.40445026178010474
0.15878725590955806 0.403921568627451
0.1593011305241521 0.4046997389033943
0.1593011305241521 0.4041720990873533
0.1593011305241521 0.4036458333333333
0.1593011305241521 0.40312093628088425
0.1593011305241521 0.4025974025974026
0.15981500513874614 0.4033722438391699
0.16032887975334018 0.40414507772020725
0.16032887975334018 0.4036222509702458
0.16032887975334018 0.40310077519379844
0.16032887975334018 0.40258064516129033
0.16084275436793422 0.40335051546391754
0.16135662898252826 0.4041184041184041
0.16135662898252826 0.40359897172236503
0.16135662898252826 0.4030808729139923
0.16135662898252826 0.4025641025641026
0.1618705035971223 0.4033290653008963
0.1618705035971223 0.40281329923273657
0.16238437821171633 0.40357598978288634
0.16238437821171633 0.4030612244897959
0.16289825282631037 0.40382165605095544
0.16341212744090441 0.40458015267175573
0.16341212744090441 0.4040660736975858
0.16341212744090441 0.4035532994923858
0.16341212744090441 0.40304182509505704
0.16341212744090441 0.40253164556962023
0.16392600205549845 0.40328697850821743
0.16392600205549845 0.4027777777777778
0.16392600205549845 0.40226986128625475
0.16392600205549845 0.4017632241813602
0.1644398766700925 0.4025157232704403
0.16495375128468653 0.40326633165829145
0.16495375128468653 0.4027603513174404
0.16495375128468653 0.40225563909774437
0.16495375128468653 0.40175219023779724
0.16495375128468653 0.40125
0.16495375128468653 0.40074906367041196
0.16546762589928057 0.4014962593516209
0.1659815005138746 0.40224159402241594
0.1659815005138746 0.4017412935323383
0.1659815005138746 0.4012422360248447
0.1659815005138746 0.40074441687344914
0.1659815005138746 0.40024783147459725
0.1659815005138746 0.3997524752475248
0.1659815005138746 0.3992583436341162
0.1659815005138746 0.3987654320987654
0.1659815005138746 0.39827373612823674
0.1659815005138746 0.3977832512315271
0.1659815005138746 0.3972939729397294
0.1659815005138746 0.3968058968058968
0.1659815005138746 0.39631901840490796
0.16649537512846865 0.39705882352941174
0.1670092497430627 0.397796817625459
0.1670092497430627 0.3973105134474328
0.16752312435765673 0.398046398046398
0.16752312435765673 0.3975609756097561
0.16803699897225077 0.3982947624847747
0.16803699897225077 0.3978102189781022
0.16803699897225077 0.3973268529769137
0.16803699897225077 0.39684466019417475
0.16803699897225077 0.39636363636363636
0.16803699897225077 0.39588377723970947
0.16803699897225077 0.3954050785973398
0.16803699897225077 0.39492753623188404
0.16803699897225077 0.3944511459589867
0.1685508735868448 0.39518072289156625
0.1685508735868448 0.394705174488568
0.1685508735868448 0.3942307692307692
0.1685508735868448 0.3937575030012005
0.1685508735868448 0.3932853717026379
0.1685508735868448 0.39281437125748503
0.1685508735868448 0.3923444976076555
0.16906474820143885 0.3930704898446834
0.1695786228160329 0.3937947494033413
0.17009249743062693 0.39451728247914186
0.17009249743062693 0.39404761904761904
0.17060637204522097 0.3947681331747919
0.17060637204522097 0.39429928741092635
0.171120246659815 0.39501779359430605
0.171120246659815 0.39454976303317535
0.171120246659815 0.3940828402366864
0.17163412127440905 0.3947990543735225
0.17163412127440905 0.39433293978748524
0.17163412127440905 0.3938679245283019
0.17163412127440905 0.3934040047114252
0.1721479958890031 0.3941176470588235
0.17266187050359713 0.39482961222091656
0.17317574511819117 0.3955399061032864
0.17317574511819117 0.3950762016412661
0.17317574511819117 0.3946135831381733
0.17317574511819117 0.39415204678362575
0.17317574511819117 0.39369158878504673
0.17317574511819117 0.39323220536756126
0.17317574511819117 0.3927738927738928
0.1736896197327852 0.39348079161816063
0.17420349434737925 0.3941860465116279
0.17420349434737925 0.39372822299651566
0.17420349434737925 0.39327146171693733
0.17420349434737925 0.3928157589803013
0.1747173689619733 0.39351851851851855
0.1747173689619733 0.3930635838150289
0.1747173689619733 0.39260969976905313
0.17523124357656733 0.3933102652825836
0.17523124357656733 0.39285714285714285
0.17523124357656733 0.3924050632911392
0.17523124357656733 0.39195402298850573
0.17523124357656733 0.39150401836969
0.17523124357656733 0.39105504587155965
0.17574511819116137 0.3917525773195876
0.17574511819116137 0.391304347826087
0.17574511819116137 0.39085714285714285
0.17574511819116137 0.3904109589041096
0.17574511819116137 0.3899657924743444
0.17574511819116137 0.3895216400911162
0.17574511819116137 0.3890784982935154
0.17574511819116137 0.3886363636363636
0.17574511819116137 0.38819523269012485
0.17574511819116137 0.3877551020408163
0.17574511819116137 0.3873159682899207
0.17574511819116137 0.38687782805429866
0.17625899280575538 0.38757062146892657
0.17625899280575538 0.3871331828442438
0.17625899280575538 0.38669673055242393
0.17625899280575538 0.38626126126126126
0.17625899280575538 0.3858267716535433
0.17625899280575538 0.3853932584269663
0.17625899280575538 0.38496071829405165
0.17677286742034942 0.38565022421524664
0.17677286742034942 0.38521836506159013
0.17677286742034942 0.38478747203579416
0.17677286742034942 0.3843575418994413
0.17728674203494346 0.38504464285714285
0.17728674203494346 0.38461538461538464
0.17728674203494346 0.3841870824053452
0.17728674203494346 0.38375973303670746
0.17728674203494346 0.38333333333333336
0.1778006166495375 0.38401775804661487
0.1778006166495375 0.3835920177383592
0.17831449126413154 0.3842746400885936
0.17831449126413154 0.3838495575221239
0.17831449126413154 0.3834254143646409
0.17831449126413154 0.3830022075055188
0.17831449126413154 0.38257993384785005
0.17831449126413154 0.38215859030837
0.17882836587872558 0.38283828382838286
0.17934224049331962 0.38351648351648354
0.17934224049331962 0.38309549945115257
0.17985611510791366 0.38377192982456143
0.1803699897225077 0.384446878422782
0.1803699897225077 0.38402625820568925
0.1803699897225077 0.3836065573770492
0.1803699897225077 0.38318777292576417
0.1803699897225077 0.38276990185387133
0.1803699897225077 0.38235294117647056
0.1803699897225077 0.381936887921654
0.1803699897225077 0.3815217391304348
0.1803699897225077 0.3811074918566775
0.18088386433710174 0.38177874186550975
0.18088386433710174 0.38136511375947996
0.18139773895169578 0.38203463203463206
0.18191161356628982 0.3827027027027027
0.18191161356628982 0.38228941684665224
0.18191161356628982 0.3818770226537217
0.18191161356628982 0.38146551724137934
0.18242548818088386 0.3821313240043057
0.18242548818088386 0.3817204301075269
0.18242548818088386 0.38131041890440387
0.1829393627954779 0.38197424892703863
0.1829393627954779 0.3815648445873526
0.1829393627954779 0.3811563169164882
0.1829393627954779 0.38074866310160427
0.1829393627954779 0.3803418803418803
0.1829393627954779 0.3799359658484525
0.1829393627954779 0.3795309168443497
0.1829393627954779 0.37912673056443025
0.1829393627954779 0.37872340425531914
0.1829393627954779 0.3783209351753454
0.1829393627954779 0.37791932059447986
0.18345323741007194 0.37857900318133614
0.18345323741007194 0.3781779661016949
0.18345323741007194 0.37777777777777777
0.18345323741007194 0.3773784355179704
0.18345323741007194 0.37697993664202745
0.18396711202466598 0.37763713080168776
0.18448098663926002 0.37829293993677554
0.18499486125385406 0.37894736842105264
0.18499486125385406 0.3785488958990536
0.1855087358684481 0.3792016806722689
0.1855087358684481 0.378803777544596
0.1855087358684481 0.37840670859538783
0.1855087358684481 0.37801047120418846
0.1855087358684481 0.3776150627615063
0.1855087358684481 0.3772204806687565
0.1855087358684481 0.3768267223382046
0.1855087358684481 0.37643378519290926
0.1855087358684481 0.37604166666666666
0.1855087358684481 0.3756503642039542
0.18602261048304214 0.3762993762993763
0.18602261048304214 0.37590861889927313
0.18653648509763618 0.37655601659751037
0.18705035971223022 0.3772020725388601
0.18705035971223022 0.37681159420289856
0.18705035971223022 0.3764219234746639
0.18756423432682426 0.37706611570247933
0.18756423432682426 0.3766769865841073
0.1880781089414183 0.37731958762886597
0.1880781089414183 0.3769309989701339
0.18859198355601234 0.3775720164609053
0.18859198355601234 0.3771839671120247
0.18859198355601234 0.37679671457905545
0.18859198355601234 0.3764102564102564
0.18859198355601234 0.3760245901639344
0.18910585817060638 0.3766632548618219
0.18961973278520042 0.3773006134969325
0.19013360739979446 0.37793667007150156
0.19013360739979446 0.37755102040816324
0.19013360739979446 0.37716615698267075
0.19013360739979446 0.37678207739307534
0.1906474820143885 0.37741607324516785
0.19116135662898254 0.3780487804878049
0.19167523124357658 0.3786802030456853
0.19167523124357658 0.37829614604462475
0.19167523124357658 0.3779128672745694
0.19167523124357658 0.3775303643724696
0.19167523124357658 0.37714863498483314
0.19167523124357658 0.37676767676767675
0.19167523124357658 0.3763874873864783
0.19167523124357658 0.37600806451612906
0.19167523124357658 0.3756294058408862
0.19167523124357658 0.37525150905432597
0.19167523124357658 0.3748743718592965
0.19167523124357658 0.3744979919678715
0.19218910585817062 0.37512537612838515
0.19218910585817062 0.374749498997996
0.19270298047276466 0.37537537537537535
0.1932168550873587 0.376
0.1932168550873587 0.3756243756243756
0.1932168550873587 0.37524950099800397
0.1932168550873587 0.3748753738783649
0.1932168550873587 0.3745019920318725
0.1932168550873587 0.37412935323383084
0.1932168550873587 0.37375745526838966
0.1932168550873587 0.3733862959285005
0.19373072970195274 0.3740079365079365
0.19373072970195274 0.3736372646184341
0.19373072970195274 0.37326732673267327
0.19373072970195274 0.37289812067260136
0.19373072970195274 0.3725296442687747
0.19373072970195274 0.3721618953603159
0.19373072970195274 0.3717948717948718
0.19424460431654678 0.3724137931034483
0.1947584789311408 0.37303149606299213
0.1947584789311408 0.3726647000983284
0.19527235354573483 0.37328094302554027
0.19527235354573483 0.3729146221786065
0.19527235354573483 0.37254901960784315
0.19527235354573483 0.3721841332027424
0.19527235354573483 0.37181996086105673
0.19527235354573483 0.37145650048875856
0.19527235354573483 0.37109375
0.19527235354573483 0.37073170731707317
0.19527235354573483 0.37037037037037035
0.19527235354573483 0.37000973709834467
0.19527235354573483 0.36964980544747084
0.19578622816032887 0.37026239067055394
0.19578622816032887 0.3699029126213592
0.19578622816032887 0.36954413191076624
0.19578622816032887 0.3691860465116279
0.19578622816032887 0.3688286544046467
0.19578622816032887 0.36847195357833656
0.19578622816032887 0.3681159420289855
0.19578622816032887 0.36776061776061775
0.19578622816032887 0.3674059787849566
0.19578622816032887 0.3670520231213873
0.19578622816032887 0.3666987487969201
0.19578622816032887 0.3663461538461538
0.19578622816032887 0.3659942363112392
0.19578622816032887 0.3656429942418426
0.19578622816032887 0.3652924256951103
0.1963001027749229 0.36590038314176243
0.19681397738951695 0.36650717703349284
0.19681397738951695 0.36615678776290633
0.19681397738951695 0.3658070678127985
0.197327852004111 0.366412213740458
0.197327852004111 0.36606291706387034
0.197327852004111 0.3657142857142857
0.19784172661870503 0.36631779257849667
0.19784172661870503 0.3659695817490494
0.19784172661870503 0.36562203228869894
0.19784172661870503 0.36527514231499053
0.19784172661870503 0.36492890995260663
0.19784172661870503 0.3645833333333333
0.19784172661870503 0.36423841059602646
0.19784172661870503 0.3638941398865784
0.19835560123329907 0.364494806421152
0.19835560123329907 0.3641509433962264
0.19835560123329907 0.36380772855796417
0.19835560123329907 0.3634651600753296
0.19835560123329907 0.36312323612417685
0.1988694758478931 0.36372180451127817
0.1988694758478931 0.36338028169014086
0.19938335046248715 0.36397748592870544
0.19938335046248715 0.36363636363636365
0.1998972250770812 0.3642322097378277
0.1998972250770812 0.3638914873713751
0.1998972250770812 0.36355140186915885
0.20041109969167523 0.3641456582633053
0.20092497430626927 0.36473880597014924
0.2014388489208633 0.36533084808946875
0.2014388489208633 0.3649906890130354
0.2014388489208633 0.36465116279069765
0.2014388489208633 0.3643122676579926
0.20195272353545735 0.3649025069637883
0.20195272353545735 0.3645640074211503
0.20195272353545735 0.36422613531047265
0.20195272353545735 0.3638888888888889
0.20195272353545735 0.3635522664199815
0.20195272353545735 0.3632162661737523
0.20246659815005139 0.3638042474607572
0.20246659815005139 0.3634686346863469
0.20298047276464543 0.3640552995391705
0.20298047276464543 0.36372007366482506
0.20298047276464543 0.36338546458141674
0.20298047276464543 0.3630514705882353
0.20298047276464543 0.3627180899908173
0.20298047276464543 0.3623853211009174
0.20298047276464543 0.3620531622364803
0.20298047276464543 0.3617216117216117
0.20298047276464543 0.3613906678865508
0.20349434737923947 0.3619744058500914
0.20349434737923947 0.36164383561643837
0.20349434737923947 0.3613138686131387
0.20349434737923947 0.3609845031905196
0.2040082219938335 0.36156648451730417
0.2040082219938335 0.3612374886260237
0.2040082219938335 0.3609090909090909
0.2040082219938335 0.3605812897366031
0.2040082219938335 0.3602540834845735
0.2040082219938335 0.3599274705349048
0.2040082219938335 0.3596014492753623
0.2040082219938335 0.3592760180995475
0.2040082219938335 0.3589511754068716
0.2040082219938335 0.35862691960252935
0.2040082219938335 0.3583032490974729
0.2040082219938335 0.3579801623083859
0.2040082219938335 0.35765765765765767
0.2040082219938335 0.35733573357335735
0.20452209660842754 0.3579136690647482
0.20452209660842754 0.35759209344115006
0.20452209660842754 0.35727109515260325
0.20452209660842754 0.35695067264573993
0.20452209660842754 0.35663082437275984
0.20503597122302158 0.35720680393912263
0.20554984583761562 0.35778175313059035
0.20554984583761562 0.3574620196604111
0.20554984583761562 0.35714285714285715
0.20554984583761562 0.3568242640499554
0.20554984583761562 0.35650623885918004
0.20554984583761562 0.3561887800534283
0.20554984583761562 0.35587188612099646
0.20554984583761562 0.35555555555555557
0.20554984583761562 0.3552397868561279
0.20554984583761562 0.354924578527063
0.20554984583761562 0.3546099290780142
0.20554984583761562 0.354295837023915
0.20554984583761562 0.35398230088495575
0.20554984583761562 0.3536693191865606
0.20554984583761562 0.35335689045936397
0.20606372045220966 0.353927625772286
0.20606372045220966 0.35361552028218696
0.20606372045220966 0.35330396475770925
0.2065775950668037 0.3538732394366197
0.2065775950668037 0.35356200527704484
0.2065775950668037 0.3532513181019332
0.20709146968139774 0.353819139596137
0.20709146968139774 0.35350877192982455
0.20760534429599178 0.3540753724802805
0.20811921891058582 0.35464098073555167
0.20811921891058582 0.3543307086614173
0.20811921891058582 0.354020979020979
0.20811921891058582 0.3537117903930131
0.20811921891058582 0.35340314136125656
0.20811921891058582 0.35309503051438534
0.20811921891058582 0.352787456445993
0.20811921891058582 0.3524804177545692
0.20863309352517986 0.35304347826086957
0.20863309352517986 0.3527367506516073
0.20863309352517986 0.3524305555555556
0.20863309352517986 0.3521248915871639
0.20863309352517986 0.35181975736568455
0.20863309352517986 0.3515151515151515
0.2091469681397739 0.35207612456747406
0.2091469681397739 0.35177182368193605
0.2091469681397739 0.35146804835924006
0.2091469681397739 0.3511647972389991
0.2091469681397739 0.35086206896551725
0.2091469681397739 0.3505598621877692
0.2091469681397739 0.3502581755593804
0.2091469681397739 0.34995700773860705
0.20966084275436794 0.35051546391752575
0.21017471736896198 0.35107296137339056
0.21017471736896198 0.3507718696397942
0.21017471736896198 0.350471293916024
0.21017471736896198 0.3501712328767123
0.21017471736896198 0.3498716852010265
0.21017471736896198 0.34957264957264955
0.21017471736896198 0.3492741246797609
0.21068859198355602 0.34982935153583616
0.21068859198355602 0.3495311167945439
0.21068859198355602 0.3492333901192504
0.21068859198355602 0.34893617021276596
0.21068859198355602 0.3486394557823129
0.21068859198355602 0.34834324553950724
0.21068859198355602 0.34804753820033957
0.21068859198355602 0.3477523324851569
0.21068859198355602 0.3474576271186441
0.21068859198355602 0.3471634208298052
0.21068859198355602 0.34686971235194586
0.21068859198355602 0.34657650042265425
0.21068859198355602 0.34628378378378377
0.21068859198355602 0.3459915611814346
0.21068859198355602 0.3456998313659359
0.21120246659815006 0.34625105307497894
0.2117163412127441 0.3468013468013468
0.2117163412127441 0.34650967199327165
0.21223021582733814 0.34705882352941175
0.21223021582733814 0.34676742233417296
0.21223021582733814 0.3464765100671141
0.21223021582733814 0.3461860854987427
0.21223021582733814 0.3458961474036851
0.21274409044193218 0.34644351464435147
0.21274409044193218 0.34615384615384615
0.21274409044193218 0.3458646616541353
0.21274409044193218 0.34557595993322204
0.21274409044193218 0.34528773978315264
0.21274409044193218 0.345
0.21274409044193218 0.3447127393838468
0.2132579650565262 0.3452579034941764
0.21377183967112023 0.3458021612635079
0.21377183967112023 0.34551495016611294
0.21377183967112023 0.34522821576763485
0.21377183967112023 0.3449419568822554
0.21428571428571427 0.34548467274233635
0.2147995889003083 0.34602649006622516
0.2147995889003083 0.3457402812241522
0.2147995889003083 0.34545454545454546
0.2147995889003083 0.34516928158546656
0.2147995889003083 0.3448844884488449
0.2147995889003083 0.3446001648804617
0.2147995889003083 0.3443163097199341
0.2147995889003083 0.3440329218106996
0.2147995889003083 0.34375
0.2147995889003083 0.34346754313886607
0.2147995889003083 0.34318555008210183
0.2147995889003083 0.34290401968826906
0.2147995889003083 0.34262295081967215
0.21531346351490235 0.34316134316134317
0.21531346351490235 0.34288052373158756
0.2158273381294964 0.34341782502044155
0.2158273381294964 0.3431372549019608
0.2158273381294964 0.34285714285714286
0.2158273381294964 0.3425774877650897
0.21634121274409043 0.34311328443357786
0.21634121274409043 0.34283387622149836
0.21685508735868447 0.3433685923515053
0.2173689619732785 0.3439024390243902
0.21788283658787255 0.34443541835905767
0.21788283658787255 0.34415584415584416
0.21788283658787255 0.34387672343876724
0.21788283658787255 0.34359805510534847
0.2183967112024666 0.3441295546558704
0.2183967112024666 0.34385113268608414
0.2183967112024666 0.34357316087308004
0.2183967112024666 0.3432956381260097
0.21891058581706063 0.34382566585956414
0.21891058581706063 0.3435483870967742
0.21891058581706063 0.3432715551974214
0.21891058581706063 0.34299516908212563
0.21891058581706063 0.34271922767497986
0.21891058581706063 0.342443729903537
0.21891058581706063 0.3421686746987952
0.21891058581706063 0.3418940609951846
0.21891058581706063 0.34161988773055335
0.21942446043165467 0.3421474358974359
0.2199383350462487 0.34267413931144913
0.2199383350462487 0.3424
0.22045220966084275 0.34292565947242204
0.2209660842754368 0.34345047923322686
0.2209660842754368 0.34317637669592976
0.2209660842754368 0.34290271132376393
0.2209660842754368 0.3426294820717131
0.2209660842754368 0.34235668789808915
0.22147995889003083 0.3428798727128083
0.22147995889003083 0.3426073131955485
0.22199383350462487 0.3431294678316124
0.22199383350462487 0.34285714285714286
0.2225077081192189 0.34337827121332276
0.2225077081192189 0.34310618066561016
0.2225077081192189 0.3428345209817894
0.2225077081192189 0.3425632911392405
0.2225077081192189 0.3422924901185771
0.2225077081192189 0.3420221169036335
0.2225077081192189 0.34175217048145223
0.22302158273381295 0.3422712933753943
0.22302158273381295 0.34200157604412923
0.22302158273381295 0.3417322834645669
0.22302158273381295 0.34146341463414637
0.22302158273381295 0.3411949685534591
0.22302158273381295 0.34092694422623726
0.22302158273381295 0.34065934065934067
0.22302158273381295 0.3403921568627451
0.22302158273381295 0.3401253918495298
0.22302158273381295 0.3398590446358653
0.22302158273381295 0.3395931142410016
0.22302158273381295 0.3393275996872557
0.22302158273381295 0.3390625
0.22302158273381295 0.33879781420765026
0.22302158273381295 0.33853354134165364
0.22302158273381295 0.338269680436477
0.22302158273381295 0.338006230529595
0.22302158273381295 0.3377431906614786
0.22302158273381295 0.33748055987558323
0.22302158273381295 0.3372183372183372
0.22302158273381295 0.33695652173913043
0.223535457348407 0.33747090768037236
0.22404933196300103 0.33798449612403103
0.22404933196300103 0.337722695584818
0.22404933196300103 0.33746130030959753
0.22404933196300103 0.337200309358082
0.22404933196300103 0.3369397217928903
0.22404933196300103 0.3366795366795367
0.22404933196300103 0.33641975308641975
0.22404933196300103 0.3361603700848111
0.22404933196300103 0.3359013867488444
0.22456320657759507 0.3364126250962279
0.22456320657759507 0.33615384615384614
0.22456320657759507 0.3358954650269024
0.22456320657759507 0.33563748079877115
0.22456320657759507 0.3353798925556408
0.22456320657759507 0.3351226993865031
0.22456320657759507 0.3348659003831418
0.22456320657759507 0.3346094946401225
0.22456320657759507 0.3343534812547819
0.22456320657759507 0.33409785932721714
0.22456320657759507 0.33384262796027503
0.2250770811921891 0.33435114503816793
0.2250770811921891 0.3340961098398169
0.2250770811921891 0.33384146341463417
0.2250770811921891 0.3335872048743336
0.22559095580678315 0.3340943683409437
0.22559095580678315 0.3338403041825095
0.2261048304213772 0.3343465045592705
0.2261048304213772 0.3340926347760061
0.2261048304213772 0.3338391502276176
0.2261048304213772 0.33358605003790753
0.22661870503597123 0.3340909090909091
0.22713257965056527 0.33459500378501134
0.22713257965056527 0.33434190620272314
0.22713257965056527 0.3340891912320484
0.22713257965056527 0.3338368580060423
0.22713257965056527 0.33358490566037735
0.2276464542651593 0.33408748114630465
0.2276464542651593 0.333835719668425
0.2276464542651593 0.3335843373493976
0.2276464542651593 0.3333333333333333
0.2276464542651593 0.3330827067669173
0.2276464542651593 0.33283245679939893
0.2276464542651593 0.3325825825825826
0.2276464542651593 0.33233308327081773
0.2276464542651593 0.3320839580209895
0.22816032887975335 0.3325842696629214
0.2286742034943474 0.33308383233532934
0.2286742034943474 0.33283470456245323
0.22918807810894143 0.3333333333333333
0.22918807810894143 0.3330843913368185
0.22918807810894143 0.3328358208955224
0.22918807810894143 0.3325876211782252
0.22918807810894143 0.3323397913561848
0.22970195272353547 0.33283693224125094
0.22970195272353547 0.3325892857142857
0.22970195272353547 0.33234200743494424
0.2302158273381295 0.3328380386329866
0.23072970195272355 0.3333333333333333
0.23072970195272355 0.3330860534124629
0.2312435765673176 0.3335804299481097
0.2312435765673176 0.3333333333333333
0.2312435765673176 0.33308660251665434
0.2312435765673176 0.3328402366863905
0.2312435765673176 0.3325942350332594
0.2312435765673176 0.33234859675036926
0.2312435765673176 0.33210332103321033
0.2312435765673176 0.33185840707964603
0.2312435765673176 0.3316138540899042
0.2312435765673176 0.33136966126656847
0.2312435765673176 0.33112582781456956
0.2312435765673176 0.33088235294117646
0.2312435765673176 0.33063923585598826
0.2312435765673176 0.3303964757709251
0.2317574511819116 0.33088774761555395
0.2317574511819116 0.33064516129032256
0.23227132579650564 0.3311355311355311
0.23227132579650564 0.3308931185944363
0.23227132579650564 0.3306510607168983
0.23227132579650564 0.3304093567251462
0.23227132579650564 0.3301680058436815
0.23227132579650564 0.32992700729927005
0.23227132579650564 0.3296863603209336
0.23278520041109968 0.3301749271137026
0.23278520041109968 0.3299344501092498
0.23278520041109968 0.3296943231441048
0.23278520041109968 0.32945454545454544
0.23278520041109968 0.32921511627906974
0.23278520041109968 0.3289760348583878
0.23278520041109968 0.32873730043541366
0.23329907502569372 0.3292240754169688
0.23329907502569372 0.3289855072463768
0.23329907502569372 0.3287472845763939
0.23329907502569372 0.32850940665701883
0.23329907502569372 0.32827187274041936
0.23329907502569372 0.32803468208092484
0.23329907502569372 0.32779783393501805
0.23329907502569372 0.32756132756132755
0.23329907502569372 0.32732516222062
0.23329907502569372 0.3270893371757925
0.23329907502569372 0.32685385169186465
0.23329907502569372 0.32661870503597124
0.23381294964028776 0.32710280373831774
0.23381294964028776 0.32686781609195403
0.23381294964028776 0.32663316582914576
0.23381294964028776 0.32639885222381637
0.23381294964028776 0.32616487455197135
0.23381294964028776 0.32593123209169056
0.23381294964028776 0.325697924123121
0.23381294964028776 0.32546494992846925
0.23381294964028776 0.3252323087919943
0.23381294964028776 0.325
0.23381294964028776 0.32476802284082795
0.23381294964028776 0.32453637660485024
0.23381294964028776 0.32430506058446185
0.23381294964028776 0.32407407407407407
0.23381294964028776 0.3238434163701068
0.23381294964028776 0.3236130867709815
0.23381294964028776 0.32338308457711445
0.23381294964028776 0.3231534090909091
0.23381294964028776 0.32292405961674947
0.2343268242548818 0.32340425531914896
0.2343268242548818 0.32317505315379164
0.2343268242548818 0.32294617563739375
0.2343268242548818 0.3227176220806794
0.23484069886947584 0.3231966053748232
0.23484069886947584 0.32296819787985864
0.23484069886947584 0.3227401129943503
0.23535457348406988 0.3232180663373324
0.23535457348406988 0.3229901269393512
0.23535457348406988 0.3227625088090204
0.23535457348406988 0.32253521126760565
0.23586844809866392 0.3230119634060521
0.23586844809866392 0.3227848101265823
0.23586844809866392 0.3225579761068166
0.23586844809866392 0.3223314606741573
0.23586844809866392 0.32210526315789473
0.23586844809866392 0.32187938288920054
0.23586844809866392 0.32165381920112124
0.23586844809866392 0.32142857142857145
0.23586844809866392 0.3212036389083275
0.23586844809866392 0.320979020979021
0.23638232271325796 0.3214535290006988
0.23638232271325796 0.32122905027932963
0.23638232271325796 0.32100488485694345
0.23638232271325796 0.3207810320781032
0.236896197327852 0.32125435540069686
0.236896197327852 0.32103064066852366
0.23741007194244604 0.32150313152400833
0.23741007194244604 0.32127955493741306
0.23741007194244604 0.32105628908964556
0.23792394655704008 0.3215277777777778
0.23843782117163412 0.32199861207494795
0.23843782117163412 0.3217753120665742
0.23843782117163412 0.32155232155232155
0.23895169578622816 0.3220221606648199
0.23895169578622816 0.3217993079584775
0.23895169578622816 0.3215767634854772
0.23895169578622816 0.3213545266067726
0.23895169578622816 0.32113259668508287
0.23895169578622816 0.32091097308488614
0.2394655704008222 0.3213793103448276
0.2394655704008222 0.321157822191592
0.2394655704008222 0.3209366391184573
0.2394655704008222 0.32071576049552647
0.23997944501541624 0.32118294360385147
0.23997944501541624 0.3209621993127148
0.23997944501541624 0.32074175824175827
0.23997944501541624 0.3205216197666438
0.23997944501541624 0.32030178326474623
0.23997944501541624 0.32008224811514735
0.24049331963001028 0.32054794520547947
0.24049331963001028 0.3203285420944558
0.24049331963001028 0.320109439124487
0.24049331963001028 0.3198906356801094
0.24049331963001028 0.319672131147541
0.24049331963001028 0.3194539249146758
0.24049331963001028 0.31923601637107774
0.24049331963001028 0.31901840490797545
0.24049331963001028 0.3188010899182561
0.24049331963001028 0.3185840707964602
0.24049331963001028 0.3183673469387755
0.24049331963001028 0.31815091774303195
0.24049331963001028 0.3179347826086957
0.24049331963001028 0.31771894093686354
0.24049331963001028 0.3175033921302578
0.24100719424460432 0.31796610169491524
0.24100719424460432 0.31775067750677505
0.24100719424460432 0.3175355450236967
0.24100719424460432 0.31732070365358594
0.24100719424460432 0.31710615280594995
0.24100719424460432 0.3168918918918919
0.24100719424460432 0.31667792032410536
0.24100719424460432 0.3164642375168691
0.24100719424460432 0.3162508428860418
0.24100719424460432 0.3160377358490566
0.24100719424460432 0.31582491582491584
0.24100719424460432 0.31561238223418575
0.24100719424460432 0.31540013449899124
0.24152106885919836 0.31586021505376344
0.24152106885919836 0.31564808596373406
0.24152106885919836 0.31543624161073824
0.24152106885919836 0.3152246814218645
0.24152106885919836 0.31501340482573725
0.2420349434737924 0.3154722036168788
0.2420349434737924 0.3152610441767068
0.2420349434737924 0.31505016722408025
0.2420349434737924 0.31483957219251335
0.2420349434737924 0.31462925851703405
0.2420349434737924 0.3144192256341789
0.2420349434737924 0.314209472981988
0.2420349434737924 0.314
0.2420349434737924 0.31379080612924715
0.2420349434737924 0.31358189081225035
0.2420349434737924 0.313373253493014
0.2420349434737924 0.31316489361702127
0.2420349434737924 0.3129568106312292
0.2420349434737924 0.31274900398406374
0.2420349434737924 0.31254147312541475
0.2420349434737924 0.3123342175066313
0.2420349434737924 0.3121272365805169
0.2420349434737924 0.3119205298013245
0.24254881808838644 0.3123759099933819
0.24254881808838644 0.31216931216931215
0.24254881808838644 0.3119629874421679
0.24254881808838644 0.31175693527080584
0.24254881808838644 0.31155115511551157
0.24254881808838644 0.3113456464379947
0.24306269270298048 0.3117996044825313
0.24306269270298048 0.3115942028985507
0.24306269270298048 0.31138907175773534
0.24306269270298048 0.3111842105263158
0.24357656731757452 0.3116370808678501
0.24357656731757452 0.3114323258869908
0.24357656731757452 0.3112278397898884
0.24357656731757452 0.3110236220472441
0.24357656731757452 0.31081967213114753
0.24357656731757452 0.3106159895150721
0.24357656731757452 0.3104125736738703
0.24357656731757452 0.3102094240837696
0.24357656731757452 0.31000654022236757
0.24357656731757452 0.30980392156862746
0.24409044193216856 0.31025473546701504
0.24409044193216856 0.31005221932114885
0.24409044193216856 0.30984996738421394
0.24409044193216856 0.30964797913950454
0.24409044193216856 0.30944625407166126
0.24409044193216856 0.3092447916666667
0.24409044193216856 0.30904359141184123
0.24409044193216856 0.3088426527958388
0.24409044193216856 0.30864197530864196
0.24409044193216856 0.30844155844155846
0.24409044193216856 0.3082414016872161
0.2446043165467626 0.3086900129701686
0.2446043165467626 0.3084899546338302
0.2446043165467626 0.3082901554404145
0.2446043165467626 0.3080906148867314
0.2446043165467626 0.3078913324708926
0.2446043165467626 0.3076923076923077
0.2446043165467626 0.30749354005167956
0.24511819116135664 0.3079406068431246
0.24511819116135664 0.30774193548387097
0.24511819116135664 0.30754352030947774
0.24511819116135664 0.3073453608247423
0.24511819116135664 0.3071474565357373
0.24511819116135664 0.30694980694980695
0.24511819116135664 0.3067524115755627
0.24511819116135664 0.3065552699228792
0.24511819116135664 0.3063583815028902
0.24511819116135664 0.3061617458279846
0.24511819116135664 0.30596536241180244
0.24511819116135664 0.3057692307692308
0.24511819116135664 0.30557335041639977
0.24511819116135664 0.3053777208706786
0.24511819116135664 0.30518234165067176
0.24563206577595068 0.30562659846547313
0.24563206577595068 0.30543130990415335
0.24563206577595068 0.3052362707535121
0.24563206577595068 0.3050414805360562
0.24563206577595068 0.3048469387755102
0.24563206577595068 0.30465264499681327
0.24563206577595068 0.30445859872611464
0.24563206577595068 0.30426479949077023
0.24563206577595068 0.30407124681933845
0.24563206577595068 0.3038779402415766
0.24563206577595068 0.3036848792884371
0.24563206577595068 0.3034920634920635
