1.000000	0.000513	0.995988
0.500000	0.000513	0.995069
0.666667	0.001026	0.994551
0.500000	0.001026	0.994406
0.400000	0.001026	0.993995
0.500000	0.001538	0.993736
0.571429	0.002051	0.993066
0.625000	0.002564	0.992565
0.666667	0.003077	0.992561
0.600000	0.003077	0.992478
0.545455	0.003077	0.992058
0.500000	0.003077	0.992029
0.538462	0.003590	0.991472
0.500000	0.003590	0.991330
0.533333	0.004103	0.991242
0.562500	0.004615	0.991111
0.588235	0.005128	0.990770
0.611111	0.005641	0.989711
0.631579	0.006154	0.989022
0.650000	0.006667	0.989018
0.666667	0.007179	0.988857
0.681818	0.007692	0.988548
0.695652	0.008205	0.988410
0.708333	0.008718	0.988077
0.720000	0.009231	0.987888
0.730769	0.009744	0.987446
0.740741	0.010256	0.986504
0.714286	0.010256	0.986182
0.724138	0.010769	0.986033
0.733333	0.011282	0.985569
0.741935	0.011795	0.985534
0.718750	0.011795	0.985141
0.696970	0.011795	0.984913
0.676471	0.011795	0.984886
0.657143	0.011795	0.984285
0.666667	0.012308	0.984012
0.675676	0.012821	0.983851
0.684211	0.013333	0.983714
0.692308	0.013846	0.983513
0.675000	0.013846	0.983503
0.682927	0.014359	0.983470
0.690476	0.014872	0.982967
0.674419	0.014872	0.982882
0.681818	0.015385	0.982824
0.688889	0.015897	0.982659
0.695652	0.016410	0.982469
0.702128	0.016923	0.982334
0.708333	0.017436	0.981987
0.693878	0.017436	0.981909
0.700000	0.017949	0.981796
0.705882	0.018462	0.981458
0.692308	0.018462	0.981433
0.679245	0.018462	0.981432
0.685185	0.018974	0.981236
0.690909	0.019487	0.981004
0.696429	0.020000	0.980510
0.701754	0.020513	0.980453
0.706897	0.021026	0.979834
0.711864	0.021538	0.979651
0.716667	0.022051	0.979339
0.704918	0.022051	0.979160
0.709677	0.022564	0.978803
0.714286	0.023077	0.978544
0.703125	0.023077	0.978542
0.707692	0.023590	0.978433
0.712121	0.024103	0.977637
0.716418	0.024615	0.977587
0.720588	0.025128	0.977171
0.724638	0.025641	0.976343
0.714286	0.025641	0.975420
0.718310	0.026154	0.975328
0.708333	0.026154	0.975114
0.712329	0.026667	0.974834
0.716216	0.027179	0.974812
0.706667	0.027179	0.974561
0.710526	0.027692	0.974471
0.714286	0.028205	0.974458
0.717949	0.028718	0.973089
0.721519	0.029231	0.972374
0.725000	0.029744	0.972328
0.728395	0.030256	0.972082
0.731707	0.030769	0.972069
0.722892	0.030769	0.971749
0.726190	0.031282	0.971247
0.717647	0.031282	0.971236
0.720930	0.031795	0.970542
0.724138	0.032308	0.970533
0.727273	0.032821	0.970465
0.730337	0.033333	0.970399
0.733333	0.033846	0.970264
0.736264	0.034359	0.969726
0.728261	0.034359	0.969711
0.720430	0.034359	0.969375
0.723404	0.034872	0.969047
0.715789	0.034872	0.969014
0.708333	0.034872	0.968872
0.701031	0.034872	0.968745
0.693878	0.034872	0.968594
0.686869	0.034872	0.968095
0.690000	0.035385	0.967668
0.693069	0.035897	0.967331
0.696078	0.036410	0.967325
0.689320	0.036410	0.967276
0.692308	0.036923	0.967240
0.695238	0.037436	0.966867
0.688679	0.037436	0.966391
0.691589	0.037949	0.966276
0.694444	0.038462	0.966172
0.697248	0.038974	0.965734
0.690909	0.038974	0.965712
0.693694	0.039487	0.965674
0.696429	0.040000	0.965636
0.690265	0.040000	0.965567
0.684211	0.040000	0.965410
0.686957	0.040513	0.965160
0.681034	0.040513	0.965106
0.683761	0.041026	0.964672
0.677966	0.041026	0.963392
0.672269	0.041026	0.963258
0.666667	0.041026	0.963098
0.661157	0.041026	0.963019
0.663934	0.041538	0.962740
0.666667	0.042051	0.962628
0.669355	0.042564	0.962276
0.672000	0.043077	0.962194
0.666667	0.043077	0.962174
0.669291	0.043590	0.962147
0.671875	0.044103	0.962138
0.666667	0.044103	0.962119
0.661538	0.044103	0.962089
0.656489	0.044103	0.962015
0.659091	0.044615	0.961870
0.654135	0.044615	0.961464
0.649254	0.044615	0.961376
0.651852	0.045128	0.961207
0.654412	0.045641	0.961130
0.656934	0.046154	0.961075
0.652174	0.046154	0.960763
0.654676	0.046667	0.960022
0.657143	0.047179	0.959873
0.659574	0.047692	0.959344
0.661972	0.048205	0.959126
0.657343	0.048205	0.959071
0.659722	0.048718	0.958796
0.662069	0.049231	0.958468
0.664384	0.049744	0.958267
0.666667	0.050256	0.958194
0.668919	0.050769	0.958189
0.671141	0.051282	0.958003
0.666667	0.051282	0.957892
0.668874	0.051795	0.957482
0.671053	0.052308	0.957000
0.673203	0.052821	0.956756
0.675325	0.053333	0.956351
0.677419	0.053846	0.956346
0.673077	0.053846	0.955870
0.668790	0.053846	0.955507
0.670886	0.054359	0.955393
0.672956	0.054872	0.955362
0.668750	0.054872	0.954653
0.670807	0.055385	0.954546
0.666667	0.055385	0.954189
0.668712	0.055897	0.953851
0.670732	0.056410	0.953805
0.672727	0.056923	0.953723
0.674699	0.057436	0.953413
0.670659	0.057436	0.953395
0.672619	0.057949	0.953241
0.674556	0.058462	0.953106
0.676471	0.058974	0.952698
0.678363	0.059487	0.952493
0.680233	0.060000	0.952272
0.676301	0.060000	0.951913
0.678161	0.060513	0.951637
0.680000	0.061026	0.951349
0.676136	0.061026	0.951255
0.677966	0.061538	0.951247
0.674157	0.061538	0.950852
0.670391	0.061538	0.950812
0.672222	0.062051	0.950660
0.674033	0.062564	0.950539
0.675824	0.063077	0.950349
0.677596	0.063590	0.950023
0.679348	0.064103	0.949852
0.675676	0.064103	0.949710
0.677419	0.064615	0.949470
0.679144	0.065128	0.949404
0.675532	0.065128	0.949310
0.677249	0.065641	0.949187
0.673684	0.065641	0.949178
0.670157	0.065641	0.949085
0.671875	0.066154	0.949067
0.668394	0.066154	0.948109
0.664948	0.066154	0.948090
0.666667	0.066667	0.947854
0.668367	0.067179	0.947670
0.670051	0.067692	0.947629
0.666667	0.067692	0.947461
0.668342	0.068205	0.946408
0.670000	0.068718	0.946274
0.671642	0.069231	0.946099
0.673267	0.069744	0.946048
0.674877	0.070256	0.944665
0.671569	0.070256	0.944598
0.668293	0.070256	0.944593
0.669903	0.070769	0.944526
0.671498	0.071282	0.943719
0.673077	0.071795	0.943698
0.674641	0.072308	0.943630
0.671429	0.072308	0.943180
0.672986	0.072821	0.943171
0.669811	0.072821	0.943167
0.666667	0.072821	0.943065
0.668224	0.073333	0.942936
0.669767	0.073846	0.942748
0.666667	0.073846	0.942607
0.668203	0.074359	0.942297
0.669725	0.074872	0.942194
0.671233	0.075385	0.942059
0.672727	0.075897	0.941964
0.669683	0.075897	0.941449
0.671171	0.076410	0.940847
0.672646	0.076923	0.940212
0.669643	0.076923	0.940098
0.666667	0.076923	0.939874
0.668142	0.077436	0.939615
0.669604	0.077949	0.939427
0.666667	0.077949	0.939374
0.668122	0.078462	0.938814
0.669565	0.078974	0.938371
0.670996	0.079487	0.938272
0.672414	0.080000	0.937984
0.673820	0.080513	0.937648
0.675214	0.081026	0.937238
0.672340	0.081026	0.937228
0.673729	0.081538	0.937174
0.675105	0.082051	0.937115
0.676471	0.082564	0.937107
0.673640	0.082564	0.936592
0.670833	0.082564	0.936454
0.672199	0.083077	0.936088
0.669421	0.083077	0.936040
0.670782	0.083590	0.935861
0.668033	0.083590	0.935717
0.669388	0.084103	0.935489
0.670732	0.084615	0.935100
0.668016	0.084615	0.935100
0.669355	0.085128	0.934729
0.670683	0.085641	0.934573
0.668000	0.085641	0.934547
0.669323	0.086154	0.934448
0.666667	0.086154	0.934156
0.667984	0.086667	0.934123
0.665354	0.086667	0.934104
0.662745	0.086667	0.933987
0.660156	0.086667	0.933908
0.661479	0.087179	0.933876
0.662791	0.087692	0.933819
0.660232	0.087692	0.933662
0.661538	0.088205	0.933143
0.662835	0.088718	0.932604
0.660305	0.088718	0.932571
0.661597	0.089231	0.931729
0.662879	0.089744	0.931621
0.664151	0.090256	0.931494
0.661654	0.090256	0.930601
0.662921	0.090769	0.930014
0.664179	0.091282	0.930012
0.661710	0.091282	0.930012
0.662963	0.091795	0.929904
0.660517	0.091795	0.929783
0.661765	0.092308	0.929643
0.663004	0.092821	0.929212
0.664234	0.093333	0.929140
0.661818	0.093333	0.928126
0.659420	0.093333	0.927508
0.660650	0.093846	0.927501
0.658273	0.093846	0.927394
0.659498	0.094359	0.927333
0.660714	0.094872	0.926972
0.658363	0.094872	0.926590
0.659574	0.095385	0.926340
0.657244	0.095385	0.926180
0.658451	0.095897	0.926113
0.659649	0.096410	0.925943
0.660839	0.096923	0.925481
0.662021	0.097436	0.925232
0.663194	0.097949	0.925189
0.664360	0.098462	0.924654
0.662069	0.098462	0.924387
0.663230	0.098974	0.924382
0.664384	0.099487	0.924274
0.662116	0.099487	0.923923
0.663265	0.100000	0.923916
0.664407	0.100513	0.923859
0.662162	0.100513	0.923600
0.659933	0.100513	0.923312
0.661074	0.101026	0.923168
0.658863	0.101026	0.923112
0.656667	0.101026	0.922989
0.654485	0.101026	0.922456
0.655629	0.101538	0.922243
0.653465	0.101538	0.922167
0.654605	0.102051	0.922087
0.655738	0.102564	0.921218
0.656863	0.103077	0.920749
0.654723	0.103077	0.920726
0.652597	0.103077	0.920397
0.650485	0.103077	0.919914
0.648387	0.103077	0.919797
0.646302	0.103077	0.919583
0.644231	0.103077	0.919428
0.642173	0.103077	0.918965
0.640127	0.103077	0.918607
0.638095	0.103077	0.918570
0.639241	0.103590	0.918487
0.637224	0.103590	0.918463
0.638365	0.104103	0.918351
0.639498	0.104615	0.918210
0.637500	0.104615	0.918153
0.638629	0.105128	0.917828
0.639752	0.105641	0.917482
0.637771	0.105641	0.916956
0.638889	0.106154	0.916906
0.636923	0.106154	0.916222
0.638037	0.106667	0.916189
0.639144	0.107179	0.916166
0.637195	0.107179	0.916138
0.635258	0.107179	0.915993
0.633333	0.107179	0.915878
0.634441	0.107692	0.915480
0.635542	0.108205	0.914943
0.633634	0.108205	0.914937
0.631737	0.108205	0.914390
0.629851	0.108205	0.914153
0.627976	0.108205	0.913919
0.626113	0.108205	0.913900
0.624260	0.108205	0.913824
0.625369	0.108718	0.913689
0.626471	0.109231	0.913142
0.624633	0.109231	0.913096
0.625731	0.109744	0.913078
0.623907	0.109744	0.913021
0.622093	0.109744	0.912698
0.620290	0.109744	0.912652
0.618497	0.109744	0.912377
0.619597	0.110256	0.912359
0.620690	0.110769	0.912081
0.621777	0.111282	0.911661
0.622857	0.111795	0.910911
0.623932	0.112308	0.910739
0.625000	0.112821	0.910469
0.623229	0.112821	0.910214
0.624294	0.113333	0.910009
0.625352	0.113846	0.909983
0.623596	0.113846	0.909857
0.624650	0.114359	0.909825
0.625698	0.114872	0.909651
0.623955	0.114872	0.909609
0.625000	0.115385	0.909601
0.626039	0.115897	0.908915
0.624309	0.115897	0.908815
0.622590	0.115897	0.908787
0.623626	0.116410	0.908632
0.624658	0.116923	0.907905
0.622951	0.116923	0.907470
0.623978	0.117436	0.907393
0.625000	0.117949	0.907367
0.626016	0.118462	0.907323
0.624324	0.118462	0.907235
0.625337	0.118974	0.907232
0.626344	0.119487	0.907104
0.627346	0.120000	0.907047
0.625668	0.120000	0.906170
0.626667	0.120513	0.905887
0.625000	0.120513	0.905692
0.625995	0.121026	0.905289
0.624339	0.121026	0.905159
0.625330	0.121538	0.905037
0.626316	0.122051	0.904460
0.627297	0.122564	0.904352
0.628272	0.123077	0.904238
0.626632	0.123077	0.904154
0.627604	0.123590	0.903842
0.628571	0.124103	0.903072
0.629534	0.124615	0.902950
0.627907	0.124615	0.902778
0.626289	0.124615	0.902618
0.624679	0.124615	0.902462
0.623077	0.124615	0.902195
0.621483	0.124615	0.902186
0.619898	0.124615	0.902138
0.620865	0.125128	0.902129
0.619289	0.125128	0.902074
0.620253	0.125641	0.901842
0.621212	0.126154	0.901292
0.619647	0.126154	0.901062
0.620603	0.126667	0.900560
0.621554	0.127179	0.900515
0.620000	0.127179	0.900514
0.618454	0.127179	0.900200
0.616915	0.127179	0.900034
0.615385	0.127179	0.899714
0.613861	0.127179	0.899214
0.614815	0.127692	0.899130
0.615764	0.128205	0.898707
0.616708	0.128718	0.898325
0.615196	0.128718	0.898239
0.616137	0.129231	0.897987
0.614634	0.129231	0.897900
0.613139	0.129231	0.897585
0.614078	0.129744	0.897464
0.612591	0.129744	0.897438
0.611111	0.129744	0.897429
0.612048	0.130256	0.897252
0.610577	0.130256	0.897133
0.611511	0.130769	0.897127
0.612440	0.131282	0.896913
0.610979	0.131282	0.896615
0.609524	0.131282	0.896549
0.608076	0.131282	0.896452
0.606635	0.131282	0.896382
0.607565	0.131795	0.895558
0.606132	0.131795	0.895375
0.607059	0.132308	0.895225
0.605634	0.132308	0.894836
0.606557	0.132821	0.894418
0.607477	0.133333	0.894292
0.608392	0.133846	0.894217
0.609302	0.134359	0.894123
0.607889	0.134359	0.894055
0.608796	0.134872	0.893860
0.607390	0.134872	0.893731
0.605991	0.134872	0.893724
0.606897	0.135385	0.893634
0.605505	0.135385	0.893486
0.606407	0.135897	0.893372
0.607306	0.136410	0.893365
0.608200	0.136923	0.892989
0.606818	0.136923	0.892988
0.605442	0.136923	0.892594
0.604072	0.136923	0.892142
0.602709	0.136923	0.891838
0.603604	0.137436	0.891711
0.602247	0.137436	0.891663
0.600897	0.137436	0.891529
0.601790	0.137949	0.891304
0.600446	0.137949	0.891066
0.599109	0.137949	0.891012
0.597778	0.137949	0.890724
0.598670	0.138462	0.889707
0.599558	0.138974	0.889380
0.598234	0.138974	0.888494
0.599119	0.139487	0.888115
0.600000	0.140000	0.888082
0.600877	0.140513	0.887919
0.601751	0.141026	0.887775
0.600437	0.141026	0.887669
0.601307	0.141538	0.887518
0.600000	0.141538	0.887408
0.600868	0.142051	0.886935
0.601732	0.142564	0.886894
0.602592	0.143077	0.886658
0.601293	0.143077	0.886527
0.602151	0.143590	0.886001
0.603004	0.144103	0.885992
0.603854	0.144615	0.884997
0.602564	0.144615	0.884808
0.601279	0.144615	0.884758
0.602128	0.145128	0.884743
0.600849	0.145128	0.884665
0.599576	0.145128	0.884021
0.600423	0.145641	0.883976
0.601266	0.146154	0.883961
0.600000	0.146154	0.883736
0.598739	0.146154	0.883696
0.597484	0.146154	0.883030
0.598326	0.146667	0.882978
0.597077	0.146667	0.882694
0.597917	0.147179	0.882333
0.598753	0.147692	0.882187
0.599585	0.148205	0.882173
0.600414	0.148718	0.882023
0.599174	0.148718	0.881873
0.597938	0.148718	0.881859
0.598765	0.149231	0.881822
0.599589	0.149744	0.881791
0.598361	0.149744	0.881612
0.599182	0.150256	0.881538
0.600000	0.150769	0.881500
0.598778	0.150769	0.881376
0.597561	0.150769	0.881002
0.598377	0.151282	0.880678
0.599190	0.151795	0.880670
0.597980	0.151795	0.880394
0.596774	0.151795	0.880323
0.595573	0.151795	0.880202
0.596386	0.152308	0.879881
0.597194	0.152821	0.879760
0.598000	0.153333	0.879570
0.596806	0.153333	0.879546
0.597610	0.153846	0.879514
0.598410	0.154359	0.879324
0.599206	0.154872	0.879040
0.598020	0.154872	0.878975
0.596838	0.154872	0.878510
0.595661	0.154872	0.878321
0.596457	0.155385	0.878081
0.595285	0.155385	0.877753
0.594118	0.155385	0.877534
0.592955	0.155385	0.877340
0.591797	0.155385	0.877050
0.592593	0.155897	0.876385
0.591440	0.155897	0.876210
0.592233	0.156410	0.876162
0.593023	0.156923	0.876105
0.591876	0.156923	0.875989
0.592664	0.157436	0.875874
0.591522	0.157436	0.875289
0.592308	0.157949	0.874973
0.593090	0.158462	0.874723
0.591954	0.158462	0.874581
0.592734	0.158974	0.874350
0.593511	0.159487	0.874179
0.594286	0.160000	0.874081
0.593156	0.160000	0.873989
0.592030	0.160000	0.873903
0.590909	0.160000	0.872735
0.591682	0.160513	0.872729
0.592453	0.161026	0.872323
0.593220	0.161538	0.872063
0.592105	0.161538	0.871859
0.590994	0.161538	0.871554
0.589888	0.161538	0.871165
0.590654	0.162051	0.870995
0.591418	0.162564	0.870649
0.592179	0.163077	0.870633
0.591078	0.163077	0.870548
0.589981	0.163077	0.870169
0.588889	0.163077	0.870128
0.589649	0.163590	0.870077
0.588561	0.163590	0.870076
0.589319	0.164103	0.869833
0.588235	0.164103	0.869582
0.588991	0.164615	0.869538
0.589744	0.165128	0.869488
0.590494	0.165641	0.869207
0.591241	0.166154	0.869032
0.590164	0.166154	0.868942
0.589091	0.166154	0.868837
0.589837	0.166667	0.868463
0.588768	0.166667	0.868402
0.589512	0.167179	0.868361
0.590253	0.167692	0.868195
0.589189	0.167692	0.867810
0.589928	0.168205	0.867254
0.590664	0.168718	0.867091
0.589606	0.168718	0.867051
0.590340	0.169231	0.866933
0.591071	0.169744	0.866658
0.590018	0.169744	0.866202
0.588968	0.169744	0.865294
0.589698	0.170256	0.864856
0.590426	0.170769	0.864617
0.591150	0.171282	0.864088
0.591873	0.171795	0.864052
0.590829	0.171795	0.863693
0.591549	0.172308	0.863396
0.590510	0.172308	0.863359
0.589474	0.172308	0.863025
0.590193	0.172821	0.862917
0.589161	0.172821	0.862768
0.588133	0.172821	0.862632
0.587108	0.172821	0.862253
0.586087	0.172821	0.862176
0.585069	0.172821	0.861949
0.584055	0.172821	0.861710
0.583045	0.172821	0.861216
0.582038	0.172821	0.861182
0.581034	0.172821	0.860626
0.580034	0.172821	0.860598
0.579038	0.172821	0.860597
0.578045	0.172821	0.860186
0.578767	0.173333	0.860180
0.579487	0.173846	0.860125
0.580205	0.174359	0.859579
0.579216	0.174359	0.859335
0.578231	0.174359	0.859285
0.578947	0.174872	0.858819
0.577966	0.174872	0.858580
0.578680	0.175385	0.858475
0.577703	0.175385	0.858371
0.578415	0.175897	0.857800
0.577441	0.175897	0.857773
0.576471	0.175897	0.857705
0.575503	0.175897	0.857349
0.576214	0.176410	0.857215
0.575251	0.176410	0.856531
0.574290	0.176410	0.856431
0.573333	0.176410	0.856217
0.574043	0.176923	0.856085
0.574751	0.177436	0.855909
0.573798	0.177436	0.855799
0.572848	0.177436	0.855784
0.573554	0.177949	0.855225
0.574257	0.178462	0.855087
0.574959	0.178974	0.855037
0.574013	0.178974	0.854925
0.573071	0.178974	0.854875
0.573770	0.179487	0.854205
0.574468	0.180000	0.854114
0.575163	0.180513	0.853580
0.575856	0.181026	0.853211
0.574919	0.181026	0.853001
0.573984	0.181026	0.852550
0.573052	0.181026	0.852531
0.573744	0.181538	0.852364
0.574434	0.182051	0.851977
0.575121	0.182564	0.851809
0.575806	0.183077	0.851791
0.574879	0.183077	0.851609
0.573955	0.183077	0.851449
0.574639	0.183590	0.851126
0.575321	0.184103	0.851072
0.574400	0.184103	0.850777
0.575080	0.184615	0.850383
0.574163	0.184615	0.850370
0.573248	0.184615	0.850124
0.572337	0.184615	0.850046
0.571429	0.184615	0.849986
0.572108	0.185128	0.849760
0.571203	0.185128	0.849249
0.570300	0.185128	0.849128
0.569401	0.185128	0.849106
0.568504	0.185128	0.848882
0.567610	0.185128	0.848723
0.566719	0.185128	0.848613
0.565831	0.185128	0.848557
0.566510	0.185641	0.848487
0.567187	0.186154	0.848420
0.566303	0.186154	0.848400
0.565421	0.186154	0.848100
0.566096	0.186667	0.847926
0.565217	0.186667	0.847913
0.564341	0.186667	0.847326
0.565015	0.187179	0.847272
0.565688	0.187692	0.847147
0.566358	0.188205	0.846636
0.565485	0.188205	0.846496
0.564615	0.188205	0.846239
0.565284	0.188718	0.845616
0.564417	0.188718	0.845488
0.565084	0.189231	0.845236
0.564220	0.189231	0.845145
0.564885	0.189744	0.844811
0.564024	0.189744	0.844710
0.563166	0.189744	0.844560
0.562310	0.189744	0.843836
0.561457	0.189744	0.843771
0.560606	0.189744	0.843411
0.561271	0.190256	0.843390
0.560423	0.190256	0.842531
0.561086	0.190769	0.842241
0.560241	0.190769	0.842152
0.559398	0.190769	0.842062
0.560060	0.191282	0.841503
0.559220	0.191282	0.841482
0.558383	0.191282	0.841232
0.559043	0.191795	0.841126
0.559701	0.192308	0.841113
0.560358	0.192821	0.840950
0.559524	0.192821	0.840904
0.560178	0.193333	0.840732
0.559347	0.193333	0.840675
0.558519	0.193333	0.840519
0.557692	0.193333	0.840390
0.558346	0.193846	0.840382
0.558997	0.194359	0.840306
0.558174	0.194359	0.840242
0.557353	0.194359	0.840132
0.558003	0.194872	0.839109
0.557185	0.194872	0.838275
0.556369	0.194872	0.838064
0.557018	0.195385	0.837941
0.557664	0.195897	0.837159
0.558309	0.196410	0.836997
0.557496	0.196410	0.836881
0.556686	0.196410	0.836837
0.557329	0.196923	0.836631
0.557971	0.197436	0.836214
0.557164	0.197436	0.836123
0.556358	0.197436	0.835889
0.555556	0.197436	0.835809
0.554755	0.197436	0.835696
0.553957	0.197436	0.835385
0.553161	0.197436	0.835134
0.553802	0.197949	0.834924
0.553009	0.197949	0.834462
0.552217	0.197949	0.833633
0.552857	0.198462	0.833288
0.552068	0.198462	0.832854
0.551282	0.198462	0.832426
0.550498	0.198462	0.832218
0.551136	0.198974	0.831873
0.551773	0.199487	0.831859
0.552408	0.200000	0.831681
0.551627	0.200000	0.831211
0.550847	0.200000	0.830768
0.550071	0.200000	0.830657
0.549296	0.200000	0.830645
0.549930	0.200513	0.830523
0.549157	0.200513	0.830160
0.549790	0.201026	0.829975
0.550420	0.201538	0.829929
0.549650	0.201538	0.829843
0.548883	0.201538	0.829671
0.548117	0.201538	0.829535
0.548747	0.202051	0.828657
0.547983	0.202051	0.828322
0.547222	0.202051	0.827664
0.546463	0.202051	0.827650
0.545706	0.202051	0.827542
0.544952	0.202051	0.827529
0.544199	0.202051	0.827169
0.543448	0.202051	0.826790
0.542700	0.202051	0.826197
0.541953	0.202051	0.826052
0.541209	0.202051	0.826027
0.541838	0.202564	0.826002
0.541096	0.202564	0.826000
0.541724	0.203077	0.825954
0.540984	0.203077	0.824946
0.540246	0.203077	0.824916
0.539510	0.203077	0.824860
0.540136	0.203590	0.824496
0.540761	0.204103	0.824395
0.541384	0.204615	0.824176
0.540650	0.204615	0.823744
0.541272	0.205128	0.822899
0.540541	0.205128	0.822702
0.539811	0.205128	0.822628
0.539084	0.205128	0.822479
0.539704	0.205641	0.822403
0.540323	0.206154	0.822283
0.540940	0.206667	0.822077
0.540214	0.206667	0.822035
0.540830	0.207179	0.821776
0.541444	0.207692	0.821530
0.540721	0.207692	0.821413
0.540000	0.207692	0.821143
0.540613	0.208205	0.820145
0.539894	0.208205	0.819866
0.540505	0.208718	0.819782
0.539788	0.208718	0.819746
0.540397	0.209231	0.819712
0.539683	0.209231	0.819553
0.538970	0.209231	0.819375
0.538259	0.209231	0.819323
0.538867	0.209744	0.819206
0.538158	0.209744	0.819202
0.538765	0.210256	0.819112
0.539370	0.210769	0.818332
0.538663	0.210769	0.818091
0.539267	0.211282	0.816710
0.539869	0.211795	0.816421
0.539164	0.211795	0.816394
0.539765	0.212308	0.816114
0.539062	0.212308	0.815423
0.538362	0.212308	0.815098
0.538961	0.212821	0.815066
0.538262	0.212821	0.814879
0.538860	0.213333	0.814591
0.538163	0.213333	0.814465
0.537468	0.213333	0.814442
0.538065	0.213846	0.814283
0.537371	0.213846	0.814079
0.537967	0.214359	0.813851
0.538560	0.214872	0.813830
0.537869	0.214872	0.813607
0.537179	0.214872	0.813390
0.536492	0.214872	0.812945
0.535806	0.214872	0.812778
0.535121	0.214872	0.811755
0.535714	0.215385	0.811147
0.535032	0.215385	0.810756
0.534351	0.215385	0.810512
0.534943	0.215897	0.810140
0.534264	0.215897	0.809895
0.533587	0.215897	0.809859
0.532911	0.215897	0.809745
0.532238	0.215897	0.809041
0.532828	0.216410	0.808852
0.532156	0.216410	0.808804
0.532746	0.216923	0.808560
0.533333	0.217436	0.808480
0.532663	0.217436	0.808172
0.531995	0.217436	0.807931
0.531328	0.217436	0.807881
0.530663	0.217436	0.807877
0.530000	0.217436	0.807798
0.530587	0.217949	0.807738
0.529925	0.217949	0.807706
0.530511	0.218462	0.807601
0.531095	0.218974	0.807464
0.530435	0.218974	0.806339
0.529777	0.218974	0.805502
0.529120	0.218974	0.805399
0.529703	0.219487	0.805063
0.529048	0.219487	0.804766
0.528395	0.219487	0.804184
0.527744	0.219487	0.804123
0.528325	0.220000	0.804041
0.527675	0.220000	0.803791
0.527027	0.220000	0.803372
0.527607	0.220513	0.803068
0.526961	0.220513	0.802808
0.526316	0.220513	0.802561
0.525672	0.220513	0.802390
0.526252	0.221026	0.802386
0.526829	0.221538	0.800839
0.526188	0.221538	0.800492
0.526764	0.222051	0.799997
0.527339	0.222564	0.799326
0.527913	0.223077	0.799256
0.528485	0.223590	0.798462
0.527845	0.223590	0.798303
0.527207	0.223590	0.798296
0.526570	0.223590	0.798189
0.527141	0.224103	0.798178
0.527711	0.224615	0.797536
0.527076	0.224615	0.797189
0.527644	0.225128	0.797154
0.528211	0.225641	0.796890
0.528777	0.226154	0.796479
0.528144	0.226154	0.796322
0.527512	0.226154	0.796048
0.526882	0.226154	0.795403
0.526253	0.226154	0.795285
0.525626	0.226154	0.794282
0.525000	0.226154	0.793347
0.524376	0.226154	0.793047
0.524941	0.226667	0.792968
0.525504	0.227179	0.792711
0.524882	0.227179	0.792547
0.525444	0.227692	0.792147
0.524823	0.227692	0.792142
0.525384	0.228205	0.791314
0.524764	0.228205	0.791063
0.525324	0.228718	0.790806
0.524706	0.228718	0.790017
0.525264	0.229231	0.789795
0.524648	0.229231	0.789408
0.525205	0.229744	0.789353
0.525761	0.230256	0.789101
0.525146	0.230256	0.788851
0.524533	0.230256	0.788417
0.525088	0.230769	0.788249
0.524476	0.230769	0.788012
0.525029	0.231282	0.787883
0.524419	0.231282	0.787664
0.523810	0.231282	0.787471
0.523202	0.231282	0.787449
0.522596	0.231282	0.787404
0.521991	0.231282	0.787308
0.522543	0.231795	0.786611
0.523095	0.232308	0.786129
0.522491	0.232308	0.786094
0.521889	0.232308	0.785813
0.521289	0.232308	0.785493
0.520690	0.232308	0.785170
0.521240	0.232821	0.784806
0.521789	0.233333	0.784736
0.522337	0.233846	0.784208
0.522883	0.234359	0.783760
0.523429	0.234872	0.783569
0.523973	0.235385	0.783568
0.524515	0.235897	0.783400
0.523918	0.235897	0.783119
0.523322	0.235897	0.782483
0.523864	0.236410	0.782348
0.523269	0.236410	0.782274
0.523810	0.236923	0.781982
0.524349	0.237436	0.781642
0.523756	0.237436	0.781137
0.523164	0.237436	0.780782
0.522573	0.237436	0.780779
0.521984	0.237436	0.780543
0.521396	0.237436	0.780366
0.520810	0.237436	0.778903
0.520225	0.237436	0.778305
0.520763	0.237949	0.778268
0.520179	0.237949	0.777394
0.519597	0.237949	0.777062
0.520134	0.238462	0.776221
0.520670	0.238974	0.775836
0.520089	0.238974	0.775470
0.519509	0.238974	0.774568
0.520045	0.239487	0.774097
0.519466	0.239487	0.773459
0.520000	0.240000	0.773071
0.519423	0.240000	0.772815
0.519956	0.240513	0.772340
0.520487	0.241026	0.772012
0.519912	0.241026	0.771654
0.519337	0.241026	0.771557
0.519868	0.241538	0.771009
0.520397	0.242051	0.770558
0.519824	0.242051	0.770203
0.519252	0.242051	0.770009
0.518681	0.242051	0.769628
0.518112	0.242051	0.769524
0.518640	0.242564	0.769348
0.519168	0.243077	0.769124
0.518600	0.243077	0.769038
0.519126	0.243590	0.768769
0.518559	0.243590	0.768618
0.517993	0.243590	0.768608
0.517429	0.243590	0.768496
0.516866	0.243590	0.768463
0.516304	0.243590	0.768101
0.515744	0.243590	0.768007
0.515184	0.243590	0.767879
0.514626	0.243590	0.767769
0.514069	0.243590	0.767012
0.513514	0.243590	0.766867
0.514039	0.244103	0.766407
0.514563	0.244615	0.765853
0.514009	0.244615	0.765336
0.513455	0.244615	0.764956
0.513978	0.245128	0.764708
0.513426	0.245128	0.764550
0.513948	0.245641	0.764465
0.514469	0.246154	0.764410
0.514989	0.246667	0.764377
0.515508	0.247179	0.764126
0.514957	0.247179	0.764117
0.514408	0.247179	0.764028
0.513859	0.247179	0.763788
0.514377	0.247692	0.763767
0.513830	0.247692	0.763690
0.513284	0.247692	0.763231
0.512739	0.247692	0.762714
0.513256	0.248205	0.762580
0.512712	0.248205	0.762091
0.512169	0.248205	0.761524
0.511628	0.248205	0.760981
0.511088	0.248205	0.760766
0.510549	0.248205	0.760693
0.510011	0.248205	0.759706
0.509474	0.248205	0.759473
0.509989	0.248718	0.759241
0.509454	0.248718	0.759059
0.509969	0.249231	0.758861
0.509434	0.249231	0.758851
0.508901	0.249231	0.758751
0.508368	0.249231	0.758725
0.507837	0.249231	0.758598
0.507307	0.249231	0.757332
0.506778	0.249231	0.757254
0.506250	0.249231	0.756983
0.505723	0.249231	0.756975
0.505198	0.249231	0.756563
0.504673	0.249231	0.756198
0.504149	0.249231	0.756109
0.503627	0.249231	0.756078
0.503106	0.249231	0.755883
0.502585	0.249231	0.755709
0.503099	0.249744	0.754753
0.503612	0.250256	0.754468
0.504124	0.250769	0.753694
0.503605	0.250769	0.753465
0.504115	0.251282	0.753415
0.503597	0.251282	0.753005
0.504107	0.251795	0.752842
0.504615	0.252308	0.752762
0.504098	0.252308	0.752491
0.503582	0.252308	0.752305
0.503067	0.252308	0.752036
0.502554	0.252308	0.751883
0.502041	0.252308	0.751767
0.501529	0.252308	0.751641
0.501018	0.252308	0.751325
0.500509	0.252308	0.751092
0.501016	0.252821	0.751062
0.501523	0.253333	0.750958
0.502028	0.253846	0.750864
0.502533	0.254359	0.750432
0.502024	0.254359	0.750317
0.502528	0.254872	0.749878
0.502020	0.254872	0.749529
0.501514	0.254872	0.748746
0.501008	0.254872	0.748639
0.500504	0.254872	0.747931
0.501006	0.255385	0.747739
0.501508	0.255897	0.747721
0.501004	0.255897	0.747670
0.500502	0.255897	0.747657
0.501002	0.256410	0.747470
0.501502	0.256923	0.747030
0.501000	0.256923	0.746793
0.500500	0.256923	0.746586
0.500000	0.256923	0.746418
0.500499	0.257436	0.746392
0.500000	0.257436	0.746101
0.499502	0.257436	0.745298
0.500000	0.257949	0.745190
0.499503	0.257949	0.745041
0.500000	0.258462	0.745005
0.499504	0.258462	0.744768
0.499010	0.258462	0.744506
0.499505	0.258974	0.744190
0.499012	0.258974	0.744070
0.498519	0.258974	0.744046
0.499014	0.259487	0.743921
0.498522	0.259487	0.743641
0.498031	0.259487	0.743506
0.498525	0.260000	0.743447
0.498035	0.260000	0.742725
0.497547	0.260000	0.742630
0.497059	0.260000	0.742480
0.496572	0.260000	0.742446
0.497065	0.260513	0.742419
0.496579	0.260513	0.742205
0.496094	0.260513	0.741524
0.496585	0.261026	0.741393
0.497076	0.261538	0.740606
0.497566	0.262051	0.740544
0.497082	0.262051	0.740469
0.496599	0.262051	0.740327
0.496117	0.262051	0.740141
0.495635	0.262051	0.740140
0.495155	0.262051	0.739649
0.495644	0.262564	0.739524
0.495164	0.262564	0.738952
0.494686	0.262564	0.738913
0.495174	0.263077	0.738533
0.494696	0.263077	0.738498
0.495183	0.263590	0.738331
0.495669	0.264103	0.738320
0.495192	0.264103	0.737733
0.495677	0.264615	0.736738
0.495202	0.264615	0.736337
0.494727	0.264615	0.736310
0.494253	0.264615	0.736189
0.493780	0.264615	0.735924
0.494264	0.265128	0.735703
0.494747	0.265641	0.735636
0.494275	0.265641	0.735594
0.493804	0.265641	0.735360
0.493333	0.265641	0.734380
0.492864	0.265641	0.734029
0.492395	0.265641	0.733910
0.492877	0.266154	0.733570
0.492410	0.266154	0.733236
0.491943	0.266154	0.732900
0.491477	0.266154	0.732728
0.491012	0.266154	0.732687
0.491493	0.266667	0.732000
0.491029	0.266667	0.731544
0.491509	0.267179	0.731478
0.491046	0.267179	0.731445
0.491525	0.267692	0.731384
0.491063	0.267692	0.731042
0.490602	0.267692	0.730963
0.490141	0.267692	0.730617
0.489681	0.267692	0.729634
0.489222	0.267692	0.729020
0.488764	0.267692	0.728916
0.488307	0.267692	0.728728
0.487850	0.267692	0.727848
0.487395	0.267692	0.727831
0.486940	0.267692	0.727499
0.486486	0.267692	0.726737
0.486965	0.268205	0.726703
0.486512	0.268205	0.726674
0.486989	0.268718	0.726626
0.486537	0.268718	0.725496
0.487013	0.269231	0.725370
0.487488	0.269744	0.724891
0.487963	0.270256	0.723293
0.487512	0.270256	0.723208
0.487061	0.270256	0.723098
0.487535	0.270769	0.722873
0.487085	0.270769	0.722372
0.487558	0.271282	0.722372
0.487109	0.271282	0.722186
0.486661	0.271282	0.722006
0.487132	0.271795	0.721387
0.486685	0.271795	0.721224
0.486239	0.271795	0.721012
0.485793	0.271795	0.720617
0.485348	0.271795	0.720328
0.485819	0.272308	0.720021
0.486289	0.272821	0.719764
0.485845	0.272821	0.718755
0.485401	0.272821	0.718585
0.484959	0.272821	0.718524
0.484517	0.272821	0.717802
0.484076	0.272821	0.717482
0.483636	0.272821	0.717032
0.484105	0.273333	0.716876
0.484574	0.273846	0.716332
0.484134	0.273846	0.715977
0.484601	0.274359	0.715711
0.485068	0.274872	0.715658
0.485533	0.275385	0.715497
0.485998	0.275897	0.715162
0.485560	0.275897	0.714729
0.485122	0.275897	0.714557
0.484685	0.275897	0.714483
0.484248	0.275897	0.713636
0.483813	0.275897	0.712892
0.484277	0.276410	0.712178
0.483842	0.276410	0.712102
0.483408	0.276410	0.711686
0.482975	0.276410	0.711670
0.482543	0.276410	0.711598
0.482111	0.276410	0.711320
0.482574	0.276923	0.711317
0.482143	0.276923	0.710515
0.482605	0.277436	0.709975
0.483066	0.277949	0.709775
0.482636	0.277949	0.709338
0.482206	0.277949	0.709300
0.481778	0.277949	0.709081
0.481350	0.277949	0.709065
0.481810	0.278462	0.708539
0.481383	0.278462	0.708207
0.481842	0.278974	0.708138
0.481416	0.278974	0.707832
0.480990	0.278974	0.707669
0.481449	0.279487	0.707509
0.481906	0.280000	0.707061
0.482363	0.280513	0.706776
0.481938	0.280513	0.706232
0.481514	0.280513	0.706173
0.481091	0.280513	0.705927
0.480668	0.280513	0.705604
0.481124	0.281026	0.705531
0.481579	0.281538	0.705305
0.481157	0.281538	0.705233
0.480736	0.281538	0.704784
0.480315	0.281538	0.704540
0.479895	0.281538	0.703968
0.479476	0.281538	0.703730
0.479930	0.282051	0.702450
0.480384	0.282564	0.701865
0.479965	0.282564	0.701731
0.479547	0.282564	0.701321
0.479130	0.282564	0.701319
0.478714	0.282564	0.700744
0.478299	0.282564	0.700577
0.477884	0.282564	0.699605
0.477470	0.282564	0.699294
0.477922	0.283077	0.699122
0.477509	0.283077	0.699115
0.477096	0.283077	0.699079
0.477547	0.283590	0.699011
0.477135	0.283590	0.698816
0.476724	0.283590	0.698807
0.476314	0.283590	0.698784
0.475904	0.283590	0.698191
0.475494	0.283590	0.697985
0.475086	0.283590	0.697771
0.474678	0.283590	0.697570
0.474271	0.283590	0.696652
0.474722	0.284103	0.696336
0.475171	0.284615	0.696030
0.474765	0.284615	0.695466
0.474359	0.284615	0.695247
0.474808	0.285128	0.694759
0.474403	0.285128	0.694482
0.474851	0.285641	0.694291
0.475298	0.286154	0.694252
0.474894	0.286154	0.693212
0.475340	0.286667	0.693201
0.474936	0.286667	0.693137
0.475382	0.287179	0.692872
0.474979	0.287179	0.692846
0.474576	0.287179	0.692774
0.475021	0.287692	0.692668
0.474619	0.287692	0.692261
0.474218	0.287692	0.692135
0.474662	0.288205	0.691816
0.475105	0.288718	0.691743
0.474705	0.288718	0.691233
0.475147	0.289231	0.691038
0.475589	0.289744	0.690902
0.475189	0.289744	0.690824
0.475630	0.290256	0.689744
0.475231	0.290256	0.689070
0.475671	0.290769	0.687613
0.475272	0.290769	0.687609
0.474874	0.290769	0.687424
0.475314	0.291282	0.686851
0.474916	0.291282	0.686195
0.475355	0.291795	0.686192
0.474958	0.291795	0.686063
0.474562	0.291795	0.685643
0.474167	0.291795	0.685555
0.474604	0.292308	0.685344
0.474210	0.292308	0.685266
0.473815	0.292308	0.684990
0.473422	0.292308	0.684914
0.473859	0.292821	0.684743
0.473466	0.292821	0.684650
0.473074	0.292821	0.684648
0.472682	0.292821	0.684034
0.473118	0.293333	0.683823
0.473554	0.293846	0.683821
0.473163	0.293846	0.683793
0.472772	0.293846	0.683612
0.473207	0.294359	0.683600
0.472817	0.294359	0.683442
0.473251	0.294872	0.683424
0.472862	0.294872	0.682973
0.472473	0.294872	0.682510
0.472085	0.294872	0.682443
0.471698	0.294872	0.682228
0.472131	0.295385	0.681826
0.472563	0.295897	0.681813
0.472995	0.296410	0.681675
0.472608	0.296410	0.681666
0.473039	0.296923	0.681472
0.472653	0.296923	0.681455
0.472268	0.296923	0.681042
0.471883	0.296923	0.680901
0.472313	0.297436	0.680826
0.471928	0.297436	0.680664
0.471545	0.297436	0.680550
0.471974	0.297949	0.679817
0.471591	0.297949	0.679612
0.471208	0.297949	0.679518
0.470827	0.297949	0.679311
0.470445	0.297949	0.679125
0.470065	0.297949	0.678009
0.469685	0.297949	0.677880
0.470113	0.298462	0.677599
0.469734	0.298462	0.677411
0.469355	0.298462	0.677344
0.469782	0.298974	0.676922
0.469404	0.298974	0.676843
0.469027	0.298974	0.676243
0.469453	0.299487	0.676107
0.469076	0.299487	0.675377
0.468700	0.299487	0.675257
0.468324	0.299487	0.675133
0.468750	0.300000	0.675008
0.468375	0.300000	0.674734
0.468000	0.300000	0.674410
0.468425	0.300513	0.673886
0.468051	0.300513	0.673453
0.467678	0.300513	0.673344
0.468102	0.301026	0.672530
0.468526	0.301538	0.672335
0.468949	0.302051	0.672309
0.468576	0.302051	0.672212
0.468998	0.302564	0.671890
0.469420	0.303077	0.671805
0.469841	0.303590	0.671618
0.469469	0.303590	0.671222
0.469097	0.303590	0.670979
0.468725	0.303590	0.670809
0.469146	0.304103	0.670656
0.469565	0.304615	0.670454
0.469194	0.304615	0.670305
0.469613	0.305128	0.670217
0.470032	0.305641	0.670115
0.469661	0.305641	0.669906
0.469291	0.305641	0.669844
0.469709	0.306154	0.669690
0.469340	0.306154	0.669252
0.468971	0.306154	0.668973
0.468603	0.306154	0.668939
0.469020	0.306667	0.668804
0.468652	0.306667	0.668525
0.468285	0.306667	0.668470
0.467919	0.306667	0.667853
0.467553	0.306667	0.667062
0.467969	0.307179	0.666842
0.467603	0.307179	0.666750
0.468019	0.307692	0.666346
0.468433	0.308205	0.666102
0.468069	0.308205	0.665957
0.468482	0.308718	0.665860
0.468118	0.308718	0.665814
0.467754	0.308718	0.665741
0.467391	0.308718	0.665107
0.467029	0.308718	0.664739
0.466667	0.308718	0.664534
0.466305	0.308718	0.664460
0.466718	0.309231	0.664318
0.466357	0.309231	0.664261
0.465997	0.309231	0.664171
0.465637	0.309231	0.663944
0.465278	0.309231	0.663208
0.464919	0.309231	0.662961
0.464561	0.309231	0.662353
0.464203	0.309231	0.662272
0.464615	0.309744	0.662095
0.464258	0.309744	0.661571
0.464670	0.310256	0.661554
0.465081	0.310769	0.661227
0.464724	0.310769	0.661175
0.464368	0.310769	0.660486
0.464012	0.310769	0.660097
0.463657	0.310769	0.659704
0.463303	0.310769	0.659473
0.463713	0.311282	0.659258
0.463359	0.311282	0.658918
0.463005	0.311282	0.657971
0.462652	0.311282	0.657791
0.462300	0.311282	0.657655
0.461948	0.311282	0.657460
0.461597	0.311282	0.657243
0.461246	0.311282	0.656997
0.460896	0.311282	0.656890
0.461305	0.311795	0.656776
0.460955	0.311795	0.656201
0.461364	0.312308	0.656172
0.461014	0.312308	0.655230
0.460666	0.312308	0.654967
0.461073	0.312821	0.654800
0.460725	0.312821	0.654632
0.460377	0.312821	0.654461
0.460030	0.312821	0.654221
0.459683	0.312821	0.653863
0.459337	0.312821	0.653760
0.459744	0.313333	0.653703
0.460150	0.313846	0.653593
0.459805	0.313846	0.653512
0.460210	0.314359	0.653256
0.459865	0.314359	0.653070
0.459520	0.314359	0.652878
0.459176	0.314359	0.652533
0.459581	0.314872	0.652500
0.459237	0.314872	0.652346
0.458894	0.314872	0.652121
0.459298	0.315385	0.651683
0.459701	0.315897	0.651497
0.459359	0.315897	0.651347
0.459762	0.316410	0.650934
0.460164	0.316923	0.650728
0.459821	0.316923	0.649890
0.460223	0.317436	0.649699
0.459881	0.317436	0.649394
0.459540	0.317436	0.648730
0.459199	0.317436	0.647797
0.458858	0.317436	0.647761
0.458519	0.317436	0.647581
0.458179	0.317436	0.647419
0.457840	0.317436	0.647157
0.457502	0.317436	0.647021
0.457164	0.317436	0.646858
0.457565	0.317949	0.646759
0.457227	0.317949	0.646628
0.457627	0.318462	0.646354
0.457290	0.318462	0.645979
0.456954	0.318462	0.645878
0.456618	0.318462	0.644659
0.456282	0.318462	0.643671
0.455947	0.318462	0.643652
0.455613	0.318462	0.643139
0.455279	0.318462	0.643032
0.455678	0.318974	0.642873
0.455344	0.318974	0.642730
0.455011	0.318974	0.642637
0.454678	0.318974	0.642602
0.455077	0.319487	0.642591
0.455474	0.320000	0.642539
0.455142	0.320000	0.641813
0.454810	0.320000	0.641418
0.454479	0.320000	0.641196
0.454148	0.320000	0.640835
0.453818	0.320000	0.640696
0.454215	0.320513	0.640228
0.453885	0.320513	0.639748
0.453556	0.320513	0.639734
0.453227	0.320513	0.639688
0.452899	0.320513	0.639420
0.453295	0.321026	0.638954
0.452967	0.321026	0.638385
0.452639	0.321026	0.638166
0.452312	0.321026	0.637904
0.451986	0.321026	0.637675
0.451659	0.321026	0.637448
0.451334	0.321026	0.637249
0.451009	0.321026	0.636716
0.450684	0.321026	0.636541
0.450360	0.321026	0.635618
0.450036	0.321026	0.635507
0.450431	0.321538	0.635467
0.450826	0.322051	0.635100
0.450502	0.322051	0.634916
0.450179	0.322051	0.634521
0.450573	0.322564	0.634491
0.450966	0.323077	0.634016
0.451359	0.323590	0.633957
0.451751	0.324103	0.633883
0.451429	0.324103	0.633780
0.451106	0.324103	0.633531
0.451498	0.324615	0.633489
0.451176	0.324615	0.633248
0.451567	0.325128	0.633169
0.451246	0.325128	0.633024
0.450925	0.325128	0.632987
0.450604	0.325128	0.632969
0.450284	0.325128	0.632948
0.449965	0.325128	0.632916
0.449645	0.325128	0.632705
0.450035	0.325641	0.631901
0.449717	0.325641	0.631688
0.449398	0.325641	0.631539
0.449788	0.326154	0.631320
0.449470	0.326154	0.630329
0.449153	0.326154	0.629757
0.448836	0.326154	0.629750
0.448519	0.326154	0.628878
0.448203	0.326154	0.628182
0.447887	0.326154	0.628040
0.447572	0.326154	0.627714
0.447961	0.326667	0.627542
0.447646	0.326667	0.627499
0.447331	0.326667	0.627481
0.447018	0.326667	0.627023
0.446704	0.326667	0.627021
0.447092	0.327179	0.626897
0.446779	0.327179	0.626584
0.446466	0.327179	0.626361
0.446154	0.327179	0.626239
0.445842	0.327179	0.626162
0.445531	0.327179	0.626144
0.445918	0.327692	0.626039
0.446304	0.328205	0.625796
0.445993	0.328205	0.625774
0.445682	0.328205	0.625668
0.445372	0.328205	0.625657
0.445063	0.328205	0.625044
0.444753	0.328205	0.624773
0.444444	0.328205	0.624140
0.444136	0.328205	0.623923
0.444521	0.328718	0.623532
0.444213	0.328718	0.623504
0.444598	0.329231	0.623493
0.444291	0.329231	0.623095
0.443983	0.329231	0.622837
0.444368	0.329744	0.622324
0.444061	0.329744	0.622320
0.443754	0.329744	0.621972
0.444138	0.330256	0.621909
0.443832	0.330256	0.621895
0.443526	0.330256	0.621885
0.443221	0.330256	0.621854
0.442916	0.330256	0.621646
0.443299	0.330769	0.621635
0.442995	0.330769	0.621587
0.442690	0.330769	0.621582
0.442387	0.330769	0.621488
0.442769	0.331282	0.621359
0.443151	0.331795	0.621239
0.442847	0.331795	0.621146
0.443228	0.332308	0.620958
0.443609	0.332821	0.620885
0.443306	0.332821	0.620395
0.443003	0.332821	0.619853
0.443383	0.333333	0.619754
0.443081	0.333333	0.619688
0.443460	0.333846	0.619402
0.443839	0.334359	0.619147
0.443537	0.334359	0.618748
0.443236	0.334359	0.618224
0.442935	0.334359	0.617594
0.442634	0.334359	0.617420
0.443012	0.334872	0.617415
0.442712	0.334872	0.617413
0.443089	0.335385	0.617031
0.442789	0.335385	0.616743
0.442490	0.335385	0.616542
0.442191	0.335385	0.615812
0.441892	0.335385	0.615799
0.441594	0.335385	0.615467
0.441296	0.335385	0.615135
0.440998	0.335385	0.614985
0.440701	0.335385	0.614952
0.441077	0.335897	0.614774
0.441454	0.336410	0.614527
0.441157	0.336410	0.614480
0.440860	0.336410	0.614334
0.440564	0.336410	0.614115
0.440268	0.336410	0.613935
0.440644	0.336923	0.613660
0.440349	0.336923	0.613643
0.440054	0.336923	0.613348
0.440428	0.337436	0.613331
0.440134	0.337436	0.613069
0.440508	0.337949	0.613047
0.440214	0.337949	0.612737
0.439920	0.337949	0.612565
0.439626	0.337949	0.612434
0.439333	0.337949	0.612378
0.439707	0.338462	0.612052
0.439414	0.338462	0.611734
0.439122	0.338462	0.611431
0.438830	0.338462	0.611193
0.438538	0.338462	0.611120
0.438247	0.338462	0.610982
0.437956	0.338462	0.609904
0.438329	0.338974	0.609895
0.438038	0.338974	0.609797
0.437748	0.338974	0.609790
0.437459	0.338974	0.609780
0.437831	0.339487	0.609489
0.437541	0.339487	0.609272
0.437252	0.339487	0.609023
0.437624	0.340000	0.608391
0.437335	0.340000	0.608257
0.437047	0.340000	0.607732
0.437418	0.340513	0.607300
0.437130	0.340513	0.607295
0.437500	0.341026	0.607220
0.437870	0.341538	0.606531
0.437582	0.341538	0.606224
0.437951	0.342051	0.605826
0.437664	0.342051	0.605715
0.437377	0.342051	0.605314
0.437090	0.342051	0.604993
0.436804	0.342051	0.604869
0.436518	0.342051	0.604829
0.436233	0.342051	0.604676
0.435948	0.342051	0.603492
0.436316	0.342564	0.603412
0.436031	0.342564	0.603318
0.436399	0.343077	0.603274
0.436767	0.343590	0.602181
0.436482	0.343590	0.602070
0.436198	0.343590	0.601624
0.436565	0.344103	0.601441
0.436281	0.344103	0.601267
0.436647	0.344615	0.601084
0.436364	0.344615	0.600907
0.436080	0.344615	0.600751
0.436446	0.345128	0.600561
0.436163	0.345128	0.599953
0.435881	0.345128	0.599005
0.436246	0.345641	0.598677
0.435964	0.345641	0.598262
0.435682	0.345641	0.598201
0.435401	0.345641	0.598119
0.435765	0.346154	0.598042
0.435484	0.346154	0.597920
0.435203	0.346154	0.597613
0.434923	0.346154	0.597556
0.434643	0.346154	0.597506
0.434363	0.346154	0.597392
0.434727	0.346667	0.596995
0.435090	0.347179	0.596862
0.434811	0.347179	0.595900
0.434531	0.347179	0.595892
0.434253	0.347179	0.594878
0.433974	0.347179	0.593949
0.433696	0.347179	0.593690
0.434059	0.347692	0.593364
0.433781	0.347692	0.593363
0.434143	0.348205	0.593271
0.433866	0.348205	0.592774
0.433589	0.348205	0.592499
0.433312	0.348205	0.592491
0.433673	0.348718	0.591640
0.433397	0.348718	0.591204
0.433121	0.348718	0.590835
0.432845	0.348718	0.590617
0.432570	0.348718	0.590302
0.432295	0.348718	0.590266
0.432020	0.348718	0.590215
0.431746	0.348718	0.589860
0.432107	0.349231	0.589326
0.431833	0.349231	0.588629
0.431559	0.349231	0.588215
0.431919	0.349744	0.587722
0.431646	0.349744	0.587661
0.431373	0.349744	0.587577
0.431732	0.350256	0.587233
0.431459	0.350256	0.587220
0.431187	0.350256	0.586850
0.430915	0.350256	0.586718
0.430643	0.350256	0.586677
0.431002	0.350769	0.586280
0.430730	0.350769	0.585587
0.430459	0.350769	0.585532
0.430189	0.350769	0.585362
0.429918	0.350769	0.585034
0.429648	0.350769	0.584937
0.429379	0.350769	0.584818
0.429109	0.350769	0.584185
0.428840	0.350769	0.583615
0.428571	0.350769	0.583531
0.428303	0.350769	0.583363
0.428661	0.351282	0.583271
0.429018	0.351795	0.582640
0.428750	0.351795	0.582417
0.428482	0.351795	0.581962
0.428215	0.351795	0.581785
0.427948	0.351795	0.581501
0.427681	0.351795	0.581373
0.427414	0.351795	0.581185
0.427771	0.352308	0.581156
0.428127	0.352821	0.580922
0.427861	0.352821	0.580711
0.427595	0.352821	0.580557
0.427329	0.352821	0.580296
0.427064	0.352821	0.580033
0.426799	0.352821	0.579505
0.426534	0.352821	0.579497
0.426270	0.352821	0.579430
0.426006	0.352821	0.579085
0.425743	0.352821	0.579019
0.425479	0.352821	0.578545
0.425216	0.352821	0.577698
0.424954	0.352821	0.576692
0.424691	0.352821	0.576528
0.424429	0.352821	0.576207
0.424784	0.353333	0.575930
0.424522	0.353333	0.575862
0.424261	0.353333	0.575543
0.424615	0.353846	0.575510
0.424354	0.353846	0.575478
0.424093	0.353846	0.575097
0.423833	0.353846	0.575093
0.423573	0.353846	0.574747
0.423313	0.353846	0.574640
0.423053	0.353846	0.574519
0.422794	0.353846	0.574494
0.422535	0.353846	0.574451
0.422277	0.353846	0.574395
0.422018	0.353846	0.574367
0.421760	0.353846	0.574354
0.421503	0.353846	0.574252
0.421856	0.354359	0.574153
0.421599	0.354359	0.573595
0.421341	0.354359	0.573256
0.421694	0.354872	0.572991
0.421437	0.354872	0.572870
0.421789	0.355385	0.572738
0.422141	0.355897	0.572663
0.421884	0.355897	0.572600
0.421628	0.355897	0.572494
0.421979	0.356410	0.572475
0.421723	0.356410	0.572463
0.422074	0.356923	0.571338
0.421818	0.356923	0.571337
0.421563	0.356923	0.570994
0.421308	0.356923	0.570986
0.421053	0.356923	0.570800
0.420798	0.356923	0.570415
0.420544	0.356923	0.570353
0.420290	0.356923	0.570260
0.420036	0.356923	0.570186
0.419783	0.356923	0.570082
0.419530	0.356923	0.570052
0.419277	0.356923	0.570026
0.419627	0.357436	0.569997
0.419374	0.357436	0.569849
0.419723	0.357949	0.569592
0.420072	0.358462	0.569520
0.419820	0.358462	0.569384
0.419568	0.358462	0.569303
0.419316	0.358462	0.568932
0.419065	0.358462	0.568616
0.418814	0.358462	0.568438
0.419162	0.358974	0.568410
0.418911	0.358974	0.568032
0.418660	0.358974	0.567838
0.418410	0.358974	0.567659
0.418160	0.358974	0.567586
0.418507	0.359487	0.567383
0.418258	0.359487	0.567183
0.418008	0.359487	0.566690
0.417759	0.359487	0.566558
0.417510	0.359487	0.566526
0.417857	0.360000	0.566383
0.418203	0.360513	0.566236
0.417955	0.360513	0.566134
0.417706	0.360513	0.565981
0.417458	0.360513	0.565864
0.417804	0.361026	0.565820
0.418149	0.361538	0.565749
0.417902	0.361538	0.565267
0.417654	0.361538	0.565260
0.417999	0.362051	0.565190
0.417751	0.362051	0.565173
0.417504	0.362051	0.564597
0.417849	0.362564	0.564583
0.418193	0.363077	0.564579
0.417946	0.363077	0.564109
0.417699	0.363077	0.563969
0.417453	0.363077	0.563925
0.417796	0.363590	0.563377
0.417550	0.363590	0.563023
0.417304	0.363590	0.562884
0.417059	0.363590	0.562828
0.416814	0.363590	0.562589
0.416569	0.363590	0.562502
0.416324	0.363590	0.562491
0.416667	0.364103	0.562344
0.416422	0.364103	0.561580
0.416764	0.364615	0.561493
0.416520	0.364615	0.561453
0.416276	0.364615	0.561181
0.416618	0.365128	0.561123
0.416959	0.365641	0.561085
0.417300	0.366154	0.561035
0.417640	0.366667	0.560989
0.417396	0.366667	0.560859
0.417153	0.366667	0.560673
0.417493	0.367179	0.560635
0.417249	0.367179	0.560502
0.417006	0.367179	0.560462
0.416764	0.367179	0.560353
0.416521	0.367179	0.560263
0.416279	0.367179	0.560019
0.416037	0.367179	0.559518
0.415796	0.367179	0.559455
0.416135	0.367692	0.559159
0.416473	0.368205	0.558998
0.416232	0.368205	0.558733
0.415991	0.368205	0.558686
0.415750	0.368205	0.558232
0.415509	0.368205	0.558189
0.415269	0.368205	0.557975
0.415029	0.368205	0.557936
0.414789	0.368205	0.557760
0.414550	0.368205	0.557666
0.414310	0.368205	0.556920
0.414072	0.368205	0.556797
0.413833	0.368205	0.556766
0.413594	0.368205	0.556421
0.413356	0.368205	0.556029
0.413119	0.368205	0.555850
0.413456	0.368718	0.555840
0.413218	0.368718	0.555716
0.412981	0.368718	0.555693
0.412744	0.368718	0.555392
0.412507	0.368718	0.555329
0.412271	0.368718	0.555187
0.412607	0.369231	0.554393
0.412371	0.369231	0.554215
0.412135	0.369231	0.554124
0.412471	0.369744	0.554017
0.412236	0.369744	0.553969
0.412571	0.370256	0.553863
0.412336	0.370256	0.553858
0.412100	0.370256	0.553207
0.412436	0.370769	0.553188
0.412201	0.370769	0.553093
0.412536	0.371282	0.552911
0.412301	0.371282	0.552910
0.412066	0.371282	0.552363
0.411832	0.371282	0.552336
0.411597	0.371282	0.552264
0.411364	0.371282	0.552081
0.411130	0.371282	0.552003
0.410897	0.371282	0.551751
0.410664	0.371282	0.551559
0.410431	0.371282	0.551295
0.410765	0.371795	0.551080
0.410532	0.371795	0.550796
0.410300	0.371795	0.550795
0.410068	0.371795	0.550742
0.409836	0.371795	0.550692
0.409605	0.371795	0.550505
0.409373	0.371795	0.550224
0.409142	0.371795	0.550074
0.408911	0.371795	0.550033
0.409245	0.372308	0.549972
0.409014	0.372308	0.549859
0.408784	0.372308	0.549679
0.408554	0.372308	0.549547
0.408324	0.372308	0.549325
0.408657	0.372821	0.549134
0.408427	0.372821	0.549044
0.408198	0.372821	0.548988
0.408530	0.373333	0.548627
0.408301	0.373333	0.548484
0.408632	0.373846	0.547963
0.408403	0.373846	0.547690
0.408175	0.373846	0.547458
0.407946	0.373846	0.547261
0.407718	0.373846	0.547213
0.407490	0.373846	0.547131
0.407263	0.373846	0.547003
0.407594	0.374359	0.546990
0.407366	0.374359	0.546004
0.407139	0.374359	0.545898
0.406912	0.374359	0.545810
0.406685	0.374359	0.545352
0.406459	0.374359	0.545109
0.406789	0.374872	0.544926
0.406563	0.374872	0.544844
0.406337	0.374872	0.544803
0.406111	0.374872	0.544779
0.405886	0.374872	0.544683
0.405660	0.374872	0.544651
0.405435	0.374872	0.544618
0.405211	0.374872	0.544461
0.405540	0.375385	0.543991
0.405316	0.375385	0.543903
0.405091	0.375385	0.543697
0.405420	0.375897	0.543594
0.405196	0.375897	0.543387
0.404972	0.375897	0.543119
0.404749	0.375897	0.542822
0.405077	0.376410	0.542598
0.405405	0.376923	0.542577
0.405733	0.377436	0.542536
0.406061	0.377949	0.542502
0.405837	0.377949	0.542140
0.405614	0.377949	0.541599
0.405391	0.377949	0.541334
0.405168	0.377949	0.541293
0.404945	0.377949	0.541118
0.404723	0.377949	0.540893
0.404501	0.377949	0.540590
0.404279	0.377949	0.540537
0.404605	0.378462	0.540518
0.404384	0.378462	0.540435
0.404162	0.378462	0.539512
0.403941	0.378462	0.539302
0.403720	0.378462	0.538521
0.404046	0.378974	0.538409
0.403825	0.378974	0.537903
0.404151	0.379487	0.537827
0.404476	0.380000	0.537726
0.404801	0.380513	0.537700
0.404580	0.380513	0.537656
0.404360	0.380513	0.537589
0.404139	0.380513	0.537584
0.403919	0.380513	0.537554
0.403700	0.380513	0.535985
0.403480	0.380513	0.535969
0.403261	0.380513	0.535896
0.403042	0.380513	0.535893
0.403366	0.381026	0.535891
0.403147	0.381026	0.535762
0.402928	0.381026	0.535580
0.402710	0.381026	0.535492
0.403034	0.381538	0.535438
0.403357	0.382051	0.535096
0.403139	0.382051	0.534908
0.402920	0.382051	0.534827
0.402703	0.382051	0.534704
0.402485	0.382051	0.534694
0.402268	0.382051	0.534613
0.402051	0.382051	0.534556
0.402373	0.382564	0.534515
0.402156	0.382564	0.534269
0.401940	0.382564	0.533994
0.401723	0.382564	0.533403
0.402045	0.383077	0.533350
0.401829	0.383077	0.533213
0.401613	0.383077	0.533168
0.401397	0.383077	0.533048
0.401182	0.383077	0.533003
0.400966	0.383077	0.532924
0.400751	0.383077	0.532748
0.400536	0.383077	0.532583
0.400322	0.383077	0.532579
0.400107	0.383077	0.532522
0.400428	0.383590	0.532500
0.400214	0.383590	0.532286
0.400000	0.383590	0.532229
0.399786	0.383590	0.532177
0.399573	0.383590	0.531792
0.399359	0.383590	0.531482
0.399146	0.383590	0.531447
0.398933	0.383590	0.531172
0.398721	0.383590	0.531008
0.398508	0.383590	0.530870
0.398296	0.383590	0.530851
0.398084	0.383590	0.530670
0.398404	0.384103	0.530587
0.398192	0.384103	0.530516
0.397981	0.384103	0.530310
0.397770	0.384103	0.530193
0.397558	0.384103	0.529978
0.397878	0.384615	0.529676
0.397667	0.384615	0.529605
0.397986	0.385128	0.529407
0.397775	0.385128	0.529334
0.397565	0.385128	0.529309
0.397354	0.385128	0.529146
0.397144	0.385128	0.528948
0.396934	0.385128	0.528934
0.396725	0.385128	0.528835
0.396515	0.385128	0.528763
0.396306	0.385128	0.528709
0.396097	0.385128	0.528679
0.396415	0.385641	0.528663
0.396207	0.385641	0.528593
0.395998	0.385641	0.528553
0.395789	0.385641	0.528544
0.395581	0.385641	0.528501
0.395373	0.385641	0.528426
0.395166	0.385641	0.528318
0.394958	0.385641	0.527573
0.394751	0.385641	0.527518
0.394544	0.385641	0.527404
0.394861	0.386154	0.527314
0.394654	0.386154	0.527197
0.394447	0.386154	0.527179
0.394241	0.386154	0.527147
0.394035	0.386154	0.527040
0.393828	0.386154	0.526914
0.393623	0.386154	0.526886
0.393417	0.386154	0.526251
0.393211	0.386154	0.526173
0.393006	0.386154	0.525789
0.392801	0.386154	0.525246
0.392596	0.386154	0.524862
0.392392	0.386154	0.524760
0.392708	0.386667	0.524558
0.392504	0.386667	0.524541
0.392300	0.386667	0.524514
0.392096	0.386667	0.524042
0.391892	0.386667	0.524000
0.391688	0.386667	0.523829
0.392004	0.387179	0.523800
0.392320	0.387692	0.523606
0.392635	0.388205	0.523563
0.392431	0.388205	0.523371
0.392228	0.388205	0.523322
0.392543	0.388718	0.523270
0.392857	0.389231	0.523169
0.392654	0.389231	0.523150
0.392451	0.389231	0.523076
0.392248	0.389231	0.523045
0.392045	0.389231	0.522734
0.391843	0.389231	0.522728
0.391641	0.389231	0.522542
0.391439	0.389231	0.522358
0.391237	0.389231	0.522228
0.391036	0.389231	0.522165
0.390834	0.389231	0.522144
0.390633	0.389231	0.522035
0.390432	0.389231	0.521946
0.390231	0.389231	0.521834
0.390545	0.389744	0.521596
0.390858	0.390256	0.521411
0.390657	0.390256	0.521305
0.390457	0.390256	0.521197
0.390769	0.390769	0.520654
0.390569	0.390769	0.520423
0.390881	0.391282	0.520350
0.390681	0.391282	0.520285
0.390481	0.391282	0.520098
0.390281	0.391282	0.520051
0.390082	0.391282	0.519980
0.390393	0.391795	0.519820
0.390194	0.391795	0.519779
0.389995	0.391795	0.519635
0.390306	0.392308	0.519609
0.390617	0.392821	0.519476
0.390418	0.392821	0.519448
0.390219	0.392821	0.519293
0.390020	0.392821	0.519022
0.389822	0.392821	0.518764
0.389624	0.392821	0.518596
0.389426	0.392821	0.518566
0.389228	0.392821	0.518409
0.389538	0.393333	0.518220
0.389340	0.393333	0.518196
0.389143	0.393333	0.518036
0.388945	0.393333	0.517995
0.388748	0.393333	0.517918
0.388551	0.393333	0.517632
0.388861	0.393846	0.517141
0.388664	0.393846	0.517052
0.388467	0.393846	0.517032
0.388777	0.394359	0.516695
0.388580	0.394359	0.516647
0.388384	0.394359	0.516538
0.388188	0.394359	0.516190
0.388496	0.394872	0.516110
0.388301	0.394872	0.515744
0.388609	0.395385	0.515567
0.388413	0.395385	0.515522
0.388218	0.395385	0.515514
0.388022	0.395385	0.515449
0.387827	0.395385	0.515384
0.387632	0.395385	0.515253
0.387437	0.395385	0.515022
0.387243	0.395385	0.514545
0.387048	0.395385	0.514499
0.386854	0.395385	0.514430
0.387161	0.395897	0.514247
0.387469	0.396410	0.514242
0.387275	0.396410	0.514116
0.387081	0.396410	0.513848
0.387387	0.396923	0.513633
0.387194	0.396923	0.513621
0.387000	0.396923	0.513573
