0.003076923 0.6
0.003589744 0.636363636
0.004102564 0.666666667
0.004615385 0.692307692
0.005128205 0.714285714
0.005641026 0.733333333
0.006153846 0.75
0.006153846 0.705882353
0.006666667 0.722222222
0.007179487 0.736842105
0.007692308 0.75
0.008205128 0.761904762
0.008717949 0.772727273
0.009230769 0.782608696
0.009230769 0.75
0.009230769 0.72
0.009230769 0.692307692
0.00974359 0.703703704
0.01025641 0.714285714
0.01025641 0.689655172
0.010769231 0.7
0.011282051 0.709677419
0.011794872 0.71875
0.012307692 0.727272727
0.012820513 0.735294118
0.013333333 0.742857143
0.013333333 0.722222222
0.013846154 0.72972973
0.014358974 0.736842105
0.014871795 0.743589744
0.014871795 0.725
0.014871795 0.707317073
0.015384615 0.714285714
0.015384615 0.697674419
0.015897436 0.704545455
0.016410256 0.711111111
0.016923077 0.717391304
0.017435897 0.723404255
0.017948718 0.729166667
0.018461538 0.734693878
0.018974359 0.74
0.019487179 0.745098039
0.02 0.75
0.020512821 0.754716981
0.020512821 0.740740741
0.021025641 0.745454545
0.021538462 0.75
0.022051282 0.754385965
0.022051282 0.74137931
0.022564103 0.745762712
0.023076923 0.75
0.023589744 0.754098361
0.024102564 0.758064516
0.024102564 0.746031746
0.024102564 0.734375
0.024102564 0.723076923
0.024102564 0.712121212
0.024615385 0.71641791
0.025128205 0.720588235
0.025641026 0.724637681
0.026153846 0.728571429
0.026666667 0.732394366
0.027179487 0.736111111
0.027692308 0.739726027
0.028205128 0.743243243
0.028205128 0.733333333
0.028205128 0.723684211
0.028717949 0.727272727
0.029230769 0.730769231
0.02974359 0.734177215
0.02974359 0.725
0.03025641 0.728395062
0.030769231 0.731707317
0.031282051 0.734939759
0.031794872 0.738095238
0.031794872 0.729411765
0.032307692 0.73255814
0.032307692 0.724137931
0.032307692 0.715909091
0.032307692 0.707865169
0.032307692 0.7
0.032820513 0.703296703
0.032820513 0.695652174
0.033333333 0.698924731
0.033846154 0.70212766
0.034358974 0.705263158
0.034871795 0.708333333
0.035384615 0.711340206
0.035384615 0.704081633
0.035384615 0.696969697
0.035897436 0.7
0.036410256 0.702970297
0.036410256 0.696078431
0.036923077 0.699029126
0.036923077 0.692307692
0.037435897 0.695238095
0.037948718 0.698113208
0.038461538 0.700934579
0.038974359 0.703703704
0.039487179 0.706422018
0.04 0.709090909
0.040512821 0.711711712
0.041025641 0.714285714
0.041025641 0.707964602
0.041538462 0.710526316
0.042051282 0.713043478
0.042051282 0.706896552
0.042564103 0.709401709
0.043076923 0.711864407
0.043589744 0.714285714
0.044102564 0.716666667
0.044615385 0.719008264
0.044615385 0.713114754
0.045128205 0.715447154
0.045128205 0.709677419
0.045128205 0.704
0.045641026 0.706349206
0.046153846 0.708661417
0.046666667 0.7109375
0.046666667 0.705426357
0.046666667 0.7
0.046666667 0.694656489
0.047179487 0.696969697
0.047179487 0.691729323
0.047692308 0.694029851
0.047692308 0.688888889
0.047692308 0.683823529
0.047692308 0.678832117
0.048205128 0.68115942
0.048717949 0.683453237
0.049230769 0.685714286
0.04974359 0.687943262
0.04974359 0.683098592
0.05025641 0.685314685
0.05025641 0.680555556
0.05025641 0.675862069
0.05025641 0.671232877
0.050769231 0.673469388
0.050769231 0.668918919
0.051282051 0.67114094
0.051794872 0.673333333
0.052307692 0.675496689
0.052307692 0.671052632
0.052307692 0.666666667
0.052307692 0.662337662
0.052307692 0.658064516
0.052820513 0.66025641
0.053333333 0.662420382
0.053333333 0.658227848
0.053333333 0.65408805
0.053846154 0.65625
0.053846154 0.652173913
0.054358974 0.654320988
0.054871795 0.656441718
0.055384615 0.658536585
0.055384615 0.654545455
0.055897436 0.656626506
0.055897436 0.652694611
0.055897436 0.648809524
0.055897436 0.644970414
0.055897436 0.641176471
0.056410256 0.643274854
0.056923077 0.645348837
0.057435897 0.647398844
0.057948718 0.649425287
0.058461538 0.651428571
0.058974359 0.653409091
0.059487179 0.655367232
0.06 0.657303371
0.060512821 0.659217877
0.061025641 0.661111111
0.061538462 0.662983425
0.062051282 0.664835165
0.062564103 0.666666667
0.063076923 0.668478261
0.063076923 0.664864865
0.063589744 0.666666667
0.063589744 0.663101604
0.064102564 0.664893617
0.064102564 0.661375661
0.064615385 0.663157895
0.064615385 0.659685864
0.065128205 0.661458333
0.065128205 0.658031088
0.065128205 0.654639175
0.065641026 0.656410256
0.066153846 0.658163265
0.066153846 0.654822335
0.066153846 0.651515152
0.066153846 0.648241206
0.066153846 0.645
0.066153846 0.641791045
0.066153846 0.638613861
0.066153846 0.63546798
0.066153846 0.632352941
0.066153846 0.629268293
0.066666667 0.631067961
0.067179487 0.632850242
0.067179487 0.629807692
0.067179487 0.626794258
0.067692308 0.628571429
0.068205128 0.630331754
0.068717949 0.632075472
0.069230769 0.633802817
0.06974359 0.635514019
0.06974359 0.63255814
0.06974359 0.62962963
0.06974359 0.626728111
0.07025641 0.628440367
0.070769231 0.630136986
0.070769231 0.627272727
0.071282051 0.628959276
0.071794872 0.630630631
0.071794872 0.627802691
0.072307692 0.629464286
0.072307692 0.626666667
0.072307692 0.623893805
0.072307692 0.621145374
0.072820513 0.622807018
0.073333333 0.624454148
0.073333333 0.62173913
0.073846154 0.623376623
0.074358974 0.625
0.074871795 0.626609442
0.075384615 0.628205128
0.075384615 0.625531915
0.075384615 0.622881356
0.075897436 0.624472574
0.076410256 0.62605042
0.076410256 0.623430962
0.076410256 0.620833333
0.076923077 0.622406639
0.076923077 0.619834711
0.076923077 0.617283951
0.076923077 0.614754098
0.076923077 0.612244898
0.077435897 0.613821138
0.077948718 0.615384615
0.078461538 0.616935484
0.078974359 0.618473896
0.079487179 0.62
0.08 0.621513944
0.08 0.619047619
0.08 0.616600791
0.08 0.614173228
0.08 0.611764706
0.080512821 0.61328125
0.081025641 0.614785992
0.081538462 0.61627907
0.082051282 0.617760618
0.082051282 0.615384615
0.082051282 0.61302682
0.082051282 0.610687023
0.082051282 0.608365019
0.082051282 0.606060606
0.082051282 0.603773585
0.082051282 0.601503759
0.082051282 0.599250936
0.082051282 0.597014925
0.082564103 0.598513011
0.083076923 0.6
0.083589744 0.601476015
0.084102564 0.602941176
0.084615385 0.604395604
0.085128205 0.605839416
0.085128205 0.603636364
0.085128205 0.601449275
0.085128205 0.599277978
0.085641026 0.600719424
0.085641026 0.598566308
0.085641026 0.596428571
0.085641026 0.59430605
0.086153846 0.595744681
0.086666667 0.597173145
0.087179487 0.598591549
0.087692308 0.6
0.087692308 0.597902098
0.087692308 0.595818815
0.088205128 0.597222222
0.088717949 0.598615917
0.089230769 0.6
0.08974359 0.60137457
0.09025641 0.602739726
0.09025641 0.600682594
0.09025641 0.598639456
0.09025641 0.596610169
0.090769231 0.597972973
0.091282051 0.599326599
0.091794872 0.600671141
0.092307692 0.602006689
0.092820513 0.603333333
0.093333333 0.604651163
0.093846154 0.605960265
0.094358974 0.607260726
0.094871795 0.608552632
0.095384615 0.609836066
0.095897436 0.611111111
0.096410256 0.61237785
0.096923077 0.613636364
0.096923077 0.611650485
0.096923077 0.609677419
0.096923077 0.607717042
0.096923077 0.605769231
0.096923077 0.603833866
0.097435897 0.605095541
0.097948718 0.606349206
0.097948718 0.60443038
0.098461538 0.605678233
0.098461538 0.603773585
0.098974359 0.605015674
0.099487179 0.60625
0.1 0.607476636
0.100512821 0.608695652
0.100512821 0.606811146
0.100512821 0.604938272
0.100512821 0.603076923
0.100512821 0.601226994
0.100512821 0.599388379
0.100512821 0.597560976
0.101025641 0.598784195
0.101025641 0.596969697
0.101025641 0.595166163
0.101025641 0.593373494
0.101025641 0.591591592
0.101025641 0.589820359
0.101538462 0.591044776
0.101538462 0.589285714
0.102051282 0.590504451
0.102564103 0.591715976
0.103076923 0.592920354
0.103589744 0.594117647
0.104102564 0.595307918
0.104102564 0.593567251
0.104102564 0.591836735
0.104102564 0.590116279
0.104615385 0.591304348
0.105128205 0.592485549
0.105641026 0.593659942
0.105641026 0.591954023
0.106153846 0.593123209
0.106153846 0.591428571
0.106666667 0.592592593
0.106666667 0.590909091
0.107179487 0.592067989
0.107692308 0.593220339
0.107692308 0.591549296
0.107692308 0.58988764
0.108205128 0.591036415
0.108717949 0.592178771
0.108717949 0.590529248
0.109230769 0.591666667
0.10974359 0.592797784
0.11025641 0.593922652
0.110769231 0.595041322
0.110769231 0.593406593
0.110769231 0.591780822
0.110769231 0.590163934
0.110769231 0.588555858
0.111282051 0.589673913
0.111282051 0.588075881
0.111794872 0.589189189
0.112307692 0.590296496
0.112820513 0.591397849
0.112820513 0.589812332
0.112820513 0.588235294
0.112820513 0.586666667
0.112820513 0.585106383
0.112820513 0.583554377
0.112820513 0.582010582
0.112820513 0.580474934
0.113333333 0.581578947
0.113333333 0.580052493
0.113333333 0.578534031
0.113333333 0.577023499
0.113846154 0.578125
0.113846154 0.576623377
0.114358974 0.577720207
0.114871795 0.57881137
0.114871795 0.577319588
0.114871795 0.575835476
0.114871795 0.574358974
0.114871795 0.572890026
0.114871795 0.571428571
0.115384615 0.572519084
0.115384615 0.57106599
0.115897436 0.572151899
0.115897436 0.570707071
0.115897436 0.569269521
0.116410256 0.570351759
0.116410256 0.568922306
0.116410256 0.5675
0.116923077 0.568578554
0.117435897 0.569651741
0.117435897 0.568238213
0.117435897 0.566831683
0.117948718 0.567901235
0.117948718 0.566502463
0.118461538 0.567567568
0.118461538 0.566176471
0.118974359 0.567237164
0.119487179 0.568292683
0.12 0.569343066
0.12 0.567961165
0.12 0.566585956
0.12 0.565217391
0.12 0.563855422
0.12 0.5625
0.12 0.561151079
0.12 0.559808612
0.120512821 0.560859189
0.120512821 0.55952381
0.121025641 0.560570071
0.121025641 0.559241706
0.121538462 0.560283688
0.121538462 0.558962264
0.121538462 0.557647059
0.121538462 0.556338028
0.122051282 0.557377049
0.122051282 0.556074766
0.122051282 0.554778555
0.122051282 0.553488372
0.122051282 0.552204176
0.122564103 0.553240741
0.122564103 0.551963048
0.122564103 0.550691244
0.122564103 0.549425287
0.122564103 0.548165138
0.122564103 0.546910755
0.122564103 0.5456621
0.122564103 0.544419134
0.122564103 0.543181818
0.123076923 0.544217687
0.123076923 0.542986425
0.123076923 0.541760722
0.123076923 0.540540541
0.123589744 0.541573034
0.123589744 0.540358744
0.124102564 0.541387025
0.124615385 0.542410714
0.124615385 0.541202673
0.124615385 0.54
0.124615385 0.538802661
0.124615385 0.537610619
0.125128205 0.538631347
0.125641026 0.539647577
0.126153846 0.540659341
0.126153846 0.539473684
0.126666667 0.5404814
0.126666667 0.53930131
0.127179487 0.540305011
0.127179487 0.539130435
0.127179487 0.537960954
0.127692308 0.538961039
0.128205128 0.539956803
0.128205128 0.538793103
0.128205128 0.537634409
0.128205128 0.536480687
0.128205128 0.535331906
0.128205128 0.534188034
0.128717949 0.535181237
0.128717949 0.534042553
0.128717949 0.532908705
0.128717949 0.531779661
0.128717949 0.530655391
0.128717949 0.529535865
0.129230769 0.530526316
0.129230769 0.529411765
0.129230769 0.528301887
0.129230769 0.527196653
0.129230769 0.526096033
0.129230769 0.525
0.12974359 0.525987526
0.12974359 0.524896266
0.12974359 0.523809524
0.13025641 0.524793388
0.130769231 0.525773196
0.130769231 0.524691358
0.130769231 0.523613963
0.130769231 0.522540984
0.130769231 0.521472393
0.130769231 0.520408163
0.130769231 0.519348269
0.130769231 0.518292683
0.130769231 0.517241379
0.130769231 0.516194332
0.130769231 0.515151515
0.131282051 0.516129032
0.131282051 0.515090543
0.131282051 0.514056225
0.131282051 0.513026052
0.131282051 0.512
0.131794872 0.512974052
0.131794872 0.511952191
0.131794872 0.510934394
0.131794872 0.509920635
0.131794872 0.508910891
0.131794872 0.507905138
0.131794872 0.506903353
0.131794872 0.505905512
0.132307692 0.506876228
0.132820513 0.507843137
0.132820513 0.506849315
0.133333333 0.5078125
0.133333333 0.506822612
0.133333333 0.505836576
0.133333333 0.504854369
0.133333333 0.503875969
0.133333333 0.502901354
0.133333333 0.501930502
0.133333333 0.500963391
0.133333333 0.5
0.133333333 0.499040307
0.133333333 0.498084291
0.133333333 0.497131931
0.133333333 0.496183206
0.133333333 0.495238095
0.133333333 0.494296578
0.133333333 0.493358634
0.133333333 0.492424242
0.133333333 0.491493384
0.133846154 0.49245283
0.133846154 0.491525424
0.133846154 0.490601504
0.133846154 0.489681051
0.133846154 0.488764045
0.133846154 0.487850467
0.133846154 0.486940299
0.133846154 0.48603352
0.134358974 0.486988848
0.134871795 0.487940631
0.134871795 0.487037037
0.134871795 0.486136784
0.134871795 0.485239852
0.134871795 0.484346225
0.135384615 0.485294118
0.135897436 0.486238532
0.135897436 0.485347985
0.136410256 0.486288848
0.136923077 0.487226277
0.137435897 0.488160291
0.137435897 0.487272727
0.137948718 0.488203267
0.137948718 0.487318841
0.138461538 0.488245931
0.138461538 0.487364621
0.138974359 0.488288288
0.139487179 0.489208633
0.139487179 0.488330341
0.139487179 0.487455197
0.14 0.488372093
0.14 0.4875
0.14 0.486631016
0.14 0.485765125
0.140512821 0.486678508
0.141025641 0.487588652
0.141025641 0.486725664
0.141025641 0.485865724
0.141025641 0.485008818
0.141025641 0.48415493
0.141538462 0.485061511
0.142051282 0.485964912
0.142051282 0.485113835
0.142051282 0.484265734
0.142051282 0.483420593
0.142564103 0.484320557
0.142564103 0.483478261
0.142564103 0.482638889
0.143076923 0.483535529
0.143076923 0.482698962
0.143589744 0.483592401
0.143589744 0.482758621
0.143589744 0.481927711
0.143589744 0.481099656
0.143589744 0.480274443
0.143589744 0.479452055
0.143589744 0.478632479
0.143589744 0.4778157
0.144102564 0.478705281
0.144102564 0.477891156
0.144615385 0.478777589
0.144615385 0.477966102
0.144615385 0.47715736
0.144615385 0.476351351
0.144615385 0.475548061
0.144615385 0.474747475
0.144615385 0.47394958
0.144615385 0.473154362
0.144615385 0.472361809
0.144615385 0.471571906
0.145128205 0.47245409
0.145128205 0.471666667
0.145128205 0.470881864
0.145128205 0.470099668
0.145128205 0.469320066
0.145641026 0.470198675
0.145641026 0.469421488
0.145641026 0.468646865
0.145641026 0.467874794
0.145641026 0.467105263
0.145641026 0.466338259
0.145641026 0.46557377
0.146153846 0.466448445
0.146666667 0.467320261
0.147179487 0.468189233
0.147692308 0.469055375
0.147692308 0.468292683
0.147692308 0.467532468
0.147692308 0.466774716
0.147692308 0.466019417
0.147692308 0.465266559
0.147692308 0.464516129
0.147692308 0.463768116
0.148205128 0.464630225
0.148205128 0.46388443
0.148205128 0.463141026
0.148205128 0.4624
0.148205128 0.461661342
0.148717949 0.462519936
0.148717949 0.461783439
0.149230769 0.46263911
0.14974359 0.463492063
0.14974359 0.462757528
0.15025641 0.463607595
0.15025641 0.462875197
0.15025641 0.46214511
0.15025641 0.461417323
0.150769231 0.462264151
0.150769231 0.461538462
0.150769231 0.460815047
0.151282051 0.461658842
0.151282051 0.4609375
0.151282051 0.460218409
0.151282051 0.459501558
0.151282051 0.458786936
0.151282051 0.458074534
0.151794872 0.458914729
0.151794872 0.458204334
0.151794872 0.457496136
0.151794872 0.456790123
0.152307692 0.457627119
0.152307692 0.456923077
0.152820513 0.457757296
0.152820513 0.457055215
0.152820513 0.456355283
0.152820513 0.455657492
0.153333333 0.45648855
0.153333333 0.455792683
0.153333333 0.455098935
0.153333333 0.454407295
0.153333333 0.453717754
0.153333333 0.453030303
0.153333333 0.452344932
0.153333333 0.451661631
0.153333333 0.450980392
0.153333333 0.450301205
0.153333333 0.44962406
0.153333333 0.448948949
0.153333333 0.448275862
0.153333333 0.44760479
0.153333333 0.446935725
0.153333333 0.446268657
0.153333333 0.445603577
0.153333333 0.444940476
0.153333333 0.444279346
0.153333333 0.443620178
0.153333333 0.442962963
0.153333333 0.442307692
0.153333333 0.441654357
0.153333333 0.44100295
0.153333333 0.440353461
0.153333333 0.439705882
0.153333333 0.439060206
0.153333333 0.438416422
0.153333333 0.437774524
0.153333333 0.437134503
0.153846154 0.437956204
0.154358974 0.43877551
0.154871795 0.439592431
0.154871795 0.438953488
0.154871795 0.438316401
0.154871795 0.437681159
0.154871795 0.437047757
0.154871795 0.436416185
0.154871795 0.435786436
0.154871795 0.435158501
0.154871795 0.434532374
0.154871795 0.433908046
0.154871795 0.433285509
0.154871795 0.432664756
0.154871795 0.43204578
0.154871795 0.431428571
0.154871795 0.430813124
0.154871795 0.43019943
0.154871795 0.429587482
0.154871795 0.428977273
0.155384615 0.429787234
0.155384615 0.42917847
0.155384615 0.428571429
0.155897436 0.429378531
0.156410256 0.430183357
0.156923077 0.430985915
0.156923077 0.430379747
0.156923077 0.429775281
0.156923077 0.429172511
0.156923077 0.428571429
0.156923077 0.427972028
0.156923077 0.427374302
0.157435897 0.428172943
0.157435897 0.427576602
0.157948718 0.42837274
0.158461538 0.429166667
0.158461538 0.428571429
0.158974359 0.429362881
0.159487179 0.430152144
0.16 0.430939227
0.16 0.430344828
0.160512821 0.431129477
0.161025641 0.431911967
0.161025641 0.431318681
0.161025641 0.430727023
0.161538462 0.431506849
0.162051282 0.432284542
0.162051282 0.431693989
0.162051282 0.431105048
0.162564103 0.431880109
0.163076923 0.432653061
0.163076923 0.432065217
0.163589744 0.432835821
0.163589744 0.432249322
0.163589744 0.431664411
0.163589744 0.431081081
0.163589744 0.430499325
0.163589744 0.429919137
0.164102564 0.430686406
0.164615385 0.431451613
0.165128205 0.432214765
0.165128205 0.431635389
0.165128205 0.431057564
0.165128205 0.430481283
0.165641026 0.431241656
0.166153846 0.432
0.166153846 0.431424767
0.166153846 0.430851064
0.166153846 0.430278884
0.166153846 0.429708223
0.166666667 0.430463576
0.166666667 0.42989418
0.166666667 0.429326288
0.166666667 0.428759894
0.166666667 0.428194993
0.166666667 0.427631579
0.166666667 0.427069645
0.166666667 0.426509186
0.166666667 0.425950197
0.167179487 0.426701571
0.167692308 0.42745098
0.167692308 0.42689295
0.167692308 0.426336375
0.167692308 0.42578125
0.167692308 0.425227568
0.168205128 0.425974026
0.168205128 0.42542153
0.168205128 0.424870466
0.168205128 0.424320828
0.168205128 0.42377261
0.168205128 0.423225806
0.168205128 0.422680412
0.168205128 0.422136422
0.168717949 0.422879177
0.168717949 0.422336329
0.168717949 0.421794872
0.169230769 0.422535211
0.169230769 0.421994885
0.169230769 0.421455939
0.16974359 0.422193878
0.16974359 0.421656051
0.16974359 0.421119593
0.17025641 0.421855146
0.170769231 0.422588832
0.171282051 0.423320659
0.171282051 0.42278481
0.171282051 0.422250316
0.171794872 0.422979798
0.171794872 0.422446406
0.171794872 0.421914358
0.171794872 0.421383648
0.171794872 0.420854271
0.172307692 0.421580928
0.172307692 0.421052632
0.172307692 0.420525657
0.172307692 0.42
0.172307692 0.419475655
0.172307692 0.418952618
0.172307692 0.418430884
0.172820513 0.419154229
0.172820513 0.41863354
0.172820513 0.418114144
0.172820513 0.417596035
0.172820513 0.417079208
0.173333333 0.417799753
0.173333333 0.417283951
0.173333333 0.41676942
0.173333333 0.416256158
0.173333333 0.415744157
0.173333333 0.415233415
0.173333333 0.414723926
0.173846154 0.415441176
0.173846154 0.414932681
0.173846154 0.414425428
0.173846154 0.413919414
0.173846154 0.413414634
0.173846154 0.412911084
0.173846154 0.412408759
0.173846154 0.411907655
0.173846154 0.411407767
0.173846154 0.410909091
0.173846154 0.410411622
0.173846154 0.409915357
0.174358974 0.410628019
0.174871795 0.411338963
0.174871795 0.410843373
0.174871795 0.410348977
0.174871795 0.409855769
0.174871795 0.409363745
0.175384615 0.410071942
0.175384615 0.409580838
0.175384615 0.409090909
0.175384615 0.408602151
0.175897436 0.409307876
0.175897436 0.408820024
0.176410256 0.40952381
0.176923077 0.410225922
0.177435897 0.410926366
0.177435897 0.410438909
0.177435897 0.409952607
0.177948718 0.410650888
0.177948718 0.410165485
0.178461538 0.410861865
0.178461538 0.410377358
0.178461538 0.409893993
0.178461538 0.409411765
0.178974359 0.410105758
0.178974359 0.409624413
0.178974359 0.409144197
0.178974359 0.408665105
0.178974359 0.408187135
0.178974359 0.40771028
0.178974359 0.407234539
0.178974359 0.406759907
0.178974359 0.40628638
0.178974359 0.405813953
0.179487179 0.406504065
0.179487179 0.406032483
0.179487179 0.405561993
0.179487179 0.405092593
0.18 0.405780347
0.180512821 0.406466513
0.181025641 0.407151096
0.181025641 0.406682028
0.181025641 0.406214039
0.181538462 0.406896552
0.181538462 0.406429392
0.181538462 0.405963303
0.181538462 0.405498282
0.181538462 0.405034325
0.181538462 0.404571429
0.182051282 0.405251142
0.182051282 0.404789054
0.182051282 0.404328018
0.182051282 0.403868032
0.182564103 0.404545455
0.182564103 0.404086266
0.182564103 0.403628118
0.182564103 0.403171008
0.182564103 0.402714932
0.182564103 0.402259887
0.183076923 0.402934537
0.183076923 0.402480271
0.183076923 0.402027027
0.183076923 0.401574803
0.183076923 0.401123596
0.183076923 0.400673401
0.183589744 0.401345291
0.183589744 0.400895857
0.183589744 0.400447427
0.183589744 0.4
0.183589744 0.399553571
0.183589744 0.399108138
0.184102564 0.399777283
0.184102564 0.399332592
0.184102564 0.398888889
0.184615385 0.399556049
0.184615385 0.399113082
0.185128205 0.399778516
0.185128205 0.399336283
0.185128205 0.398895028
0.185128205 0.398454746
0.185128205 0.398015436
0.185128205 0.397577093
0.185128205 0.397139714
0.185128205 0.396703297
0.185128205 0.396267838
0.185128205 0.395833333
0.185128205 0.395399781
0.185128205 0.394967177
0.185128205 0.394535519
0.185128205 0.394104803
0.185641026 0.39476554
0.185641026 0.394335512
0.185641026 0.39390642
0.186153846 0.394565217
0.186153846 0.394136808
0.186153846 0.393709328
0.186153846 0.393282774
0.186153846 0.392857143
0.186153846 0.392432432
0.186153846 0.392008639
0.186153846 0.391585761
0.186153846 0.391163793
0.186153846 0.390742734
0.186153846 0.390322581
0.186153846 0.38990333
0.186153846 0.389484979
0.186153846 0.389067524
0.186153846 0.388650964
0.186153846 0.388235294
0.186153846 0.387820513
0.186666667 0.388473853
0.186666667 0.388059701
0.186666667 0.387646432
0.186666667 0.387234043
0.186666667 0.386822529
0.186666667 0.38641189
0.186666667 0.386002121
0.186666667 0.38559322
0.186666667 0.385185185
0.186666667 0.384778013
0.186666667 0.3843717
0.186666667 0.383966245
0.186666667 0.383561644
0.187179487 0.384210526
0.187179487 0.383806519
0.187179487 0.383403361
0.187179487 0.383001049
0.187179487 0.382599581
0.187692308 0.383246073
0.187692308 0.382845188
0.187692308 0.382445141
0.187692308 0.382045929
0.187692308 0.38164755
0.187692308 0.38125
0.187692308 0.380853278
0.187692308 0.38045738
0.187692308 0.380062305
0.187692308 0.37966805
0.187692308 0.379274611
0.187692308 0.378881988
0.188205128 0.379524302
0.188205128 0.379132231
0.188717949 0.379772962
0.188717949 0.379381443
0.188717949 0.378990731
0.189230769 0.37962963
0.189230769 0.379239466
0.189230769 0.378850103
0.189230769 0.378461538
0.189230769 0.37807377
0.18974359 0.378710338
0.18974359 0.378323108
0.18974359 0.37793667
0.18974359 0.37755102
0.18974359 0.377166157
0.18974359 0.376782077
0.18974359 0.376398779
0.18974359 0.37601626
0.18974359 0.375634518
0.18974359 0.37525355
0.18974359 0.374873354
0.19025641 0.375506073
0.19025641 0.37512639
0.19025641 0.374747475
0.19025641 0.374369324
0.19025641 0.373991935
0.190769231 0.374622356
0.190769231 0.374245473
0.190769231 0.373869347
0.190769231 0.373493976
0.190769231 0.373119358
0.190769231 0.372745491
0.190769231 0.372372372
0.190769231 0.372
0.190769231 0.371628372
0.190769231 0.371257485
0.190769231 0.370887338
0.190769231 0.370517928
0.190769231 0.370149254
0.190769231 0.369781312
0.190769231 0.369414101
0.190769231 0.369047619
0.190769231 0.368681863
0.190769231 0.368316832
0.190769231 0.367952522
0.190769231 0.367588933
0.190769231 0.367226061
0.190769231 0.366863905
0.190769231 0.366502463
0.190769231 0.366141732
0.190769231 0.365781711
0.190769231 0.365422397
0.190769231 0.365063788
0.190769231 0.364705882
0.190769231 0.364348678
0.190769231 0.363992172
0.190769231 0.363636364
0.190769231 0.36328125
0.190769231 0.362926829
0.190769231 0.362573099
0.190769231 0.362220058
0.190769231 0.361867704
0.190769231 0.361516035
0.190769231 0.361165049
0.190769231 0.360814743
0.191282051 0.361434109
0.191794872 0.362052275
0.191794872 0.361702128
0.191794872 0.361352657
0.191794872 0.361003861
0.191794872 0.360655738
0.191794872 0.360308285
0.191794872 0.359961501
0.191794872 0.359615385
0.191794872 0.359269933
0.191794872 0.358925144
0.191794872 0.358581016
0.191794872 0.358237548
0.191794872 0.357894737
0.191794872 0.357552581
0.191794872 0.357211079
0.191794872 0.356870229
0.191794872 0.356530029
0.191794872 0.356190476
0.191794872 0.35585157
0.191794872 0.355513308
0.191794872 0.355175689
0.191794872 0.35483871
0.191794872 0.35450237
0.191794872 0.354166667
0.191794872 0.353831599
0.191794872 0.353497164
0.191794872 0.353163362
0.191794872 0.352830189
0.191794872 0.352497644
0.192307692 0.353107345
0.192820513 0.353715898
0.192820513 0.353383459
0.192820513 0.353051643
0.192820513 0.35272045
0.192820513 0.352389878
0.192820513 0.352059925
0.192820513 0.351730589
0.192820513 0.351401869
0.193333333 0.35200747
0.193333333 0.351679104
0.193333333 0.351351351
0.193333333 0.351024209
0.193333333 0.350697674
0.193333333 0.350371747
0.193333333 0.350046425
0.193846154 0.350649351
0.193846154 0.350324374
0.194358974 0.350925926
0.194358974 0.350601295
0.194358974 0.350277264
0.194358974 0.349953832
0.194871795 0.350553506
0.195384615 0.351152074
0.195384615 0.350828729
0.195384615 0.35050598
0.195384615 0.350183824
0.195384615 0.349862259
0.195384615 0.349541284
0.195384615 0.349220898
0.195384615 0.348901099
0.195384615 0.348581885
0.195384615 0.348263254
0.195384615 0.347945205
0.195384615 0.347627737
0.195897436 0.348222425
0.195897436 0.347905282
0.195897436 0.347588717
0.195897436 0.347272727
0.196410256 0.347865577
0.196410256 0.347549909
0.196410256 0.347234814
0.196410256 0.34692029
0.196923077 0.347511312
0.196923077 0.347197107
0.197435897 0.347786811
0.197435897 0.347472924
0.197435897 0.347159603
0.197948718 0.347747748
0.197948718 0.347434743
0.197948718 0.347122302
0.197948718 0.346810422
0.197948718 0.346499102
0.197948718 0.346188341
0.197948718 0.345878136
0.197948718 0.345568487
0.197948718 0.345259392
0.197948718 0.344950849
0.197948718 0.344642857
0.197948718 0.344335415
0.197948718 0.34402852
0.197948718 0.343722173
0.197948718 0.34341637
0.197948718 0.343111111
0.197948718 0.342806394
0.198461538 0.34338953
0.198461538 0.343085106
0.198461538 0.342781222
0.198461538 0.342477876
0.198461538 0.342175066
0.198461538 0.341872792
0.198461538 0.34157105
0.198461538 0.341269841
0.198461538 0.340969163
0.198461538 0.340669014
0.198461538 0.340369393
0.198461538 0.340070299
0.198461538 0.33977173
0.198461538 0.339473684
0.198461538 0.339176161
0.198461538 0.338879159
0.198461538 0.338582677
0.198461538 0.338286713
0.198974359 0.338864629
0.198974359 0.338568935
0.199487179 0.339145597
0.199487179 0.338850174
0.199487179 0.338555265
0.199487179 0.33826087
0.199487179 0.337966985
0.199487179 0.337673611
0.2 0.338248049
0.2 0.337954939
0.2 0.337662338
0.200512821 0.338235294
0.200512821 0.337942956
0.200512821 0.337651123
0.200512821 0.337359793
0.200512821 0.337068966
0.200512821 0.336778639
0.200512821 0.336488812
0.200512821 0.336199484
0.200512821 0.335910653
0.200512821 0.335622318
0.200512821 0.335334477
0.200512821 0.335047129
0.201025641 0.335616438
0.201025641 0.335329341
0.201538462 0.335897436
0.201538462 0.335610589
0.201538462 0.335324232
0.201538462 0.335038363
0.202051282 0.33560477
0.202051282 0.335319149
0.202051282 0.335034014
0.202051282 0.334749363
0.202051282 0.334465195
0.202051282 0.33418151
0.202051282 0.333898305
0.202051282 0.33361558
0.202051282 0.333333333
0.202564103 0.333896872
0.203076923 0.334459459
0.203076923 0.334177215
0.203076923 0.333895447
0.203076923 0.333614153
0.203076923 0.333333333
0.203076923 0.333052986
0.203076923 0.332773109
0.203076923 0.332493703
0.203076923 0.332214765
0.203076923 0.331936295
0.203076923 0.331658291
0.203076923 0.331380753
0.203076923 0.331103679
0.203076923 0.330827068
0.203076923 0.330550918
0.203076923 0.330275229
0.203076923 0.33
0.203076923 0.329725229
0.203589744 0.330282862
0.203589744 0.330008313
0.203589744 0.329734219
0.204102564 0.330290456
0.204102564 0.330016584
0.204102564 0.329743165
0.204102564 0.329470199
0.204102564 0.329197684
0.204102564 0.32892562
0.204102564 0.328654005
0.204102564 0.328382838
0.204102564 0.328112119
0.204102564 0.327841845
0.204615385 0.328395062
0.205128205 0.328947368
0.205128205 0.328677075
0.205641026 0.329228243
0.205641026 0.328958162
0.205641026 0.328688525
0.205641026 0.328419328
0.205641026 0.328150573
0.205641026 0.327882257
0.205641026 0.327614379
0.205641026 0.327346939
0.205641026 0.327079935
0.205641026 0.326813366
0.205641026 0.326547231
0.205641026 0.32628153
0.205641026 0.32601626
0.205641026 0.325751422
0.205641026 0.325487013
0.205641026 0.325223033
0.205641026 0.324959481
0.205641026 0.324696356
0.205641026 0.324433657
0.205641026 0.324171382
0.206153846 0.324717286
0.206153846 0.324455206
0.206153846 0.324193548
0.206153846 0.323932313
0.206153846 0.323671498
0.206153846 0.323411102
0.206153846 0.323151125
0.206153846 0.322891566
0.206153846 0.322632424
0.206666667 0.323175621
0.207179487 0.323717949
0.207179487 0.323458767
0.207179487 0.3232
0.207179487 0.322941647
0.207179487 0.322683706
0.207179487 0.322426177
0.207179487 0.322169059
0.207179487 0.321912351
0.207179487 0.321656051
0.207692308 0.322195704
0.207692308 0.321939587
0.207692308 0.321683876
0.208205128 0.322222222
0.208205128 0.321966693
0.208205128 0.321711569
0.208205128 0.321456849
0.208205128 0.321202532
0.208205128 0.320948617
0.208205128 0.320695103
0.208205128 0.320441989
0.208205128 0.320189274
0.208205128 0.319936958
0.208205128 0.319685039
0.208205128 0.319433517
0.208205128 0.31918239
0.208205128 0.318931658
0.208717949 0.319466248
0.208717949 0.319215686
0.208717949 0.318965517
0.208717949 0.31871574
0.208717949 0.318466354
0.208717949 0.318217357
0.208717949 0.31796875
0.208717949 0.317720531
0.208717949 0.317472699
0.208717949 0.317225253
0.208717949 0.316978193
0.208717949 0.316731518
0.208717949 0.316485226
0.208717949 0.316239316
0.208717949 0.315993789
0.208717949 0.315748642
0.208717949 0.315503876
0.208717949 0.315259489
0.208717949 0.31501548
0.208717949 0.314771848
0.208717949 0.314528594
0.208717949 0.314285714
0.208717949 0.31404321
0.208717949 0.313801079
0.208717949 0.313559322
0.208717949 0.313317937
0.208717949 0.313076923
0.209230769 0.313604919
0.209230769 0.313364055
0.209230769 0.313123561
0.209230769 0.312883436
0.209230769 0.312643678
0.209230769 0.312404288
0.209230769 0.312165264
0.209230769 0.311926606
0.20974359 0.312452254
0.21025641 0.312977099
0.21025641 0.312738368
0.21025641 0.3125
0.21025641 0.312261995
0.21025641 0.312024353
0.21025641 0.311787072
0.21025641 0.311550152
0.21025641 0.311313591
0.210769231 0.311836115
0.210769231 0.311599697
0.210769231 0.311363636
0.210769231 0.311127933
0.210769231 0.310892587
0.210769231 0.310657596
0.210769231 0.310422961
0.210769231 0.310188679
0.210769231 0.309954751
0.210769231 0.309721176
0.211282051 0.310240964
0.211282051 0.310007524
0.211282051 0.309774436
0.211282051 0.309541698
0.211282051 0.309309309
0.211282051 0.309077269
0.211282051 0.308845577
0.211282051 0.308614232
0.211794872 0.309131737
0.211794872 0.308900524
0.211794872 0.308669656
0.211794872 0.308439134
0.211794872 0.308208955
0.212307692 0.308724832
0.212307692 0.308494784
0.212307692 0.308265078
0.212307692 0.308035714
0.212307692 0.307806691
0.212820513 0.308320951
0.212820513 0.308092056
0.212820513 0.307863501
0.212820513 0.307635285
0.212820513 0.307407407
0.212820513 0.307179867
0.212820513 0.306952663
0.212820513 0.306725795
0.213333333 0.307237814
0.213333333 0.30701107
0.213333333 0.306784661
0.213333333 0.306558585
0.213333333 0.306332842
0.213333333 0.306107432
0.213333333 0.305882353
0.213333333 0.305657605
0.213333333 0.305433186
0.213333333 0.305209098
0.213333333 0.304985337
0.213846154 0.305494505
0.213846154 0.305270864
0.213846154 0.305047549
0.213846154 0.304824561
0.213846154 0.304601899
0.213846154 0.304379562
0.213846154 0.304157549
0.213846154 0.30393586
0.213846154 0.303714494
0.213846154 0.30349345
0.213846154 0.303272727
0.213846154 0.303052326
0.213846154 0.302832244
0.213846154 0.302612482
0.213846154 0.302393038
0.213846154 0.302173913
0.213846154 0.301955105
0.213846154 0.301736614
0.213846154 0.301518438
0.213846154 0.301300578
0.214358974 0.301805054
0.214358974 0.301587302
0.214358974 0.301369863
0.214358974 0.301152738
0.214358974 0.300935925
0.214358974 0.300719424
0.214358974 0.300503235
0.214871795 0.301005747
0.215384615 0.301507538
0.215384615 0.301291248
0.215384615 0.301075269
0.215384615 0.300859599
0.215384615 0.300644238
0.215384615 0.300429185
0.215384615 0.300214439
0.215897436 0.300714286
0.215897436 0.300499643
0.215897436 0.300285307
0.215897436 0.300071276
0.215897436 0.29985755
0.215897436 0.299644128
0.215897436 0.29943101
0.215897436 0.299218195
0.215897436 0.299005682
0.216410256 0.299503194
0.216410256 0.29929078
0.216410256 0.299078668
0.216410256 0.298866856
0.216410256 0.298655343
0.216410256 0.29844413
0.216410256 0.298233216
0.216410256 0.298022599
0.216410256 0.297812279
0.216410256 0.297602257
0.216410256 0.29739253
0.216410256 0.297183099
0.216410256 0.296973962
0.216410256 0.29676512
0.216410256 0.296556571
0.216410256 0.296348315
0.216410256 0.296140351
0.216410256 0.295932679
0.216923077 0.296426069
0.216923077 0.296218487
0.216923077 0.296011197
0.216923077 0.295804196
0.216923077 0.295597484
0.216923077 0.295391061
0.216923077 0.295184927
0.216923077 0.294979079
0.216923077 0.294773519
0.216923077 0.294568245
0.216923077 0.294363257
0.217435897 0.294853964
0.217435897 0.294649062
0.217435897 0.294444444
0.217435897 0.294240111
0.217435897 0.294036061
0.217435897 0.293832294
0.217435897 0.293628809
0.217435897 0.293425606
0.217948718 0.293914246
0.218461538 0.294402211
0.218461538 0.294198895
0.218461538 0.293995859
0.218461538 0.293793103
0.218461538 0.293590627
0.218461538 0.29338843
0.218461538 0.293186511
0.218461538 0.292984869
0.218461538 0.292783505
0.218461538 0.292582418
0.218461538 0.292381606
0.218974359 0.292866941
0.219487179 0.293351611
0.219487179 0.293150685
0.22 0.293634497
0.220512821 0.294117647
0.220512821 0.29391661
0.221025641 0.294398907
0.221025641 0.294197952
0.221025641 0.293997271
0.221025641 0.293796864
0.221025641 0.29359673
0.221025641 0.293396869
0.221025641 0.293197279
0.221025641 0.292997961
0.221025641 0.292798913
0.221025641 0.292600136
0.221025641 0.292401628
0.221025641 0.29220339
0.221025641 0.29200542
0.221538462 0.292484766
0.221538462 0.292286874
0.221538462 0.292089249
0.221538462 0.291891892
0.221538462 0.291694801
0.221538462 0.291497976
0.221538462 0.291301416
0.222051282 0.291778976
0.222051282 0.291582492
0.222051282 0.291386272
0.222051282 0.291190316
0.222051282 0.290994624
0.222051282 0.290799194
0.222051282 0.290604027
0.222051282 0.290409121
0.222051282 0.290214477
0.222051282 0.290020094
0.222051282 0.289825971
0.222051282 0.289632107
0.222564103 0.290106952
0.222564103 0.28991316
0.222564103 0.289719626
0.222564103 0.289526351
0.222564103 0.289333333
0.222564103 0.289140573
0.222564103 0.288948069
0.222564103 0.288755822
0.222564103 0.28856383
0.222564103 0.288372093
0.222564103 0.288180611
0.222564103 0.287989383
0.223076923 0.288461538
0.223076923 0.288270378
0.223076923 0.28807947
0.223076923 0.287888815
0.223076923 0.287698413
0.223076923 0.287508262
0.223076923 0.287318362
0.223076923 0.287128713
0.223076923 0.286939314
0.223076923 0.286750165
0.223076923 0.286561265
0.223076923 0.286372614
0.223076923 0.286184211
0.223076923 0.285996055
0.223076923 0.285808147
0.223589744 0.286277085
0.223589744 0.286089239
0.223589744 0.285901639
0.223589744 0.285714286
0.223589744 0.285527177
0.223589744 0.285340314
0.223589744 0.285153695
0.223589744 0.28496732
0.223589744 0.284781189
0.223589744 0.2845953
0.224102564 0.28506197
0.224102564 0.284876141
0.224102564 0.284690554
0.224102564 0.284505208
0.224102564 0.284320104
0.224615385 0.284785436
0.224615385 0.28460039
0.224615385 0.284415584
0.224615385 0.284231019
0.224615385 0.284046693
0.224615385 0.283862605
0.224615385 0.283678756
0.224615385 0.283495146
0.224615385 0.283311772
0.224615385 0.283128636
0.224615385 0.282945736
0.224615385 0.282763073
0.224615385 0.282580645
0.224615385 0.282398453
0.224615385 0.282216495
0.224615385 0.282034771
0.224615385 0.281853282
0.224615385 0.281672026
0.224615385 0.281491003
0.224615385 0.281310212
0.225128205 0.281771502
0.225128205 0.281590763
0.225128205 0.281410256
0.225128205 0.281229981
0.225128205 0.281049936
0.225128205 0.280870122
0.225128205 0.280690537
0.225128205 0.280511182
0.225128205 0.280332056
0.225128205 0.280153159
0.225641026 0.280612245
0.225641026 0.280433397
0.225641026 0.280254777
0.225641026 0.280076384
0.226153846 0.280534351
