0.003589744 0.7
0.003589744 0.636363636
0.004102564 0.666666667
0.004102564 0.615384615
0.004102564 0.571428571
0.004102564 0.533333333
0.004615385 0.5625
0.004615385 0.529411765
0.005128205 0.555555556
0.005641026 0.578947368
0.005641026 0.55
0.006153846 0.571428571
0.006666667 0.590909091
0.007179487 0.608695652
0.007179487 0.583333333
0.007692308 0.6
0.008205128 0.615384615
0.008717949 0.62962963
0.009230769 0.642857143
0.009230769 0.620689655
0.009230769 0.6
0.009230769 0.580645161
0.00974359 0.59375
0.01025641 0.606060606
0.010769231 0.617647059
0.011282051 0.628571429
0.011794872 0.638888889
0.012307692 0.648648649
0.012820513 0.657894737
0.013333333 0.666666667
0.013333333 0.65
0.013333333 0.634146341
0.013333333 0.619047619
0.013846154 0.627906977
0.013846154 0.613636364
0.013846154 0.6
0.013846154 0.586956522
0.013846154 0.574468085
0.013846154 0.5625
0.014358974 0.571428571
0.014358974 0.56
0.014871795 0.568627451
0.015384615 0.576923077
0.015897436 0.58490566
0.016410256 0.592592593
0.016410256 0.581818182
0.016923077 0.589285714
0.016923077 0.578947368
0.016923077 0.568965517
0.017435897 0.576271186
0.017948718 0.583333333
0.018461538 0.590163934
0.018461538 0.580645161
0.018974359 0.587301587
0.018974359 0.578125
0.019487179 0.584615385
0.019487179 0.575757576
0.02 0.582089552
0.020512821 0.588235294
0.021025641 0.594202899
0.021538462 0.6
0.021538462 0.591549296
0.021538462 0.583333333
0.021538462 0.575342466
0.021538462 0.567567568
0.021538462 0.56
0.022051282 0.565789474
0.022051282 0.558441558
0.022051282 0.551282051
0.022051282 0.544303797
0.022051282 0.5375
0.022051282 0.530864198
0.022051282 0.524390244
0.022051282 0.518072289
0.022051282 0.511904762
0.022564103 0.517647059
0.023076923 0.523255814
0.023076923 0.517241379
0.023076923 0.511363636
0.023589744 0.516853933
0.024102564 0.522222222
0.024102564 0.516483516
0.024102564 0.510869565
0.024615385 0.516129032
0.025128205 0.521276596
0.025641026 0.526315789
0.026153846 0.53125
0.026666667 0.536082474
0.027179487 0.540816327
0.027692308 0.545454545
0.027692308 0.54
0.027692308 0.534653465
0.028205128 0.539215686
0.028717949 0.54368932
0.028717949 0.538461538
0.028717949 0.533333333
0.028717949 0.528301887
0.028717949 0.523364486
0.029230769 0.527777778
0.029230769 0.52293578
0.029230769 0.518181818
0.02974359 0.522522523
0.02974359 0.517857143
0.03025641 0.522123894
0.03025641 0.51754386
0.030769231 0.52173913
0.030769231 0.517241379
0.031282051 0.521367521
0.031794872 0.525423729
0.032307692 0.529411765
0.032820513 0.533333333
0.032820513 0.52892562
0.033333333 0.532786885
0.033846154 0.536585366
0.034358974 0.540322581
0.034358974 0.536
0.034871795 0.53968254
0.034871795 0.535433071
0.034871795 0.53125
0.034871795 0.527131783
0.034871795 0.523076923
0.034871795 0.519083969
0.035384615 0.522727273
0.035384615 0.518796992
0.035384615 0.514925373
0.035897436 0.518518519
0.035897436 0.514705882
0.036410256 0.518248175
0.036410256 0.514492754
0.036923077 0.517985612
0.036923077 0.514285714
0.036923077 0.510638298
0.036923077 0.507042254
0.037435897 0.51048951
0.037435897 0.506944444
0.037948718 0.510344828
0.038461538 0.51369863
0.038461538 0.510204082
0.038974359 0.513513514
0.039487179 0.516778523
0.04 0.52
0.040512821 0.523178808
0.041025641 0.526315789
0.041025641 0.522875817
0.041538462 0.525974026
0.041538462 0.522580645
0.041538462 0.519230769
0.041538462 0.515923567
0.042051282 0.518987342
0.042564103 0.522012579
0.043076923 0.525
0.043076923 0.52173913
0.043589744 0.524691358
0.043589744 0.521472393
0.044102564 0.524390244
0.044615385 0.527272727
0.044615385 0.524096386
0.044615385 0.520958084
0.044615385 0.517857143
0.045128205 0.520710059
0.045128205 0.517647059
0.045641026 0.520467836
0.046153846 0.523255814
0.046153846 0.520231214
0.046153846 0.517241379
0.046666667 0.52
0.047179487 0.522727273
0.047692308 0.525423729
0.047692308 0.52247191
0.047692308 0.519553073
0.047692308 0.516666667
0.048205128 0.519337017
0.048717949 0.521978022
0.048717949 0.519125683
0.049230769 0.52173913
0.04974359 0.524324324
0.04974359 0.521505376
0.04974359 0.518716578
0.05025641 0.521276596
0.05025641 0.518518519
0.05025641 0.515789474
0.050769231 0.518324607
0.050769231 0.515625
0.050769231 0.512953368
0.050769231 0.510309278
0.050769231 0.507692308
0.051282051 0.510204082
0.051794872 0.512690355
0.051794872 0.51010101
0.051794872 0.507537688
0.051794872 0.505
0.051794872 0.502487562
0.052307692 0.504950495
0.052307692 0.502463054
0.052307692 0.5
0.052820513 0.502439024
0.052820513 0.5
0.053333333 0.502415459
0.053333333 0.5
0.053846154 0.502392344
0.053846154 0.5
0.053846154 0.497630332
0.053846154 0.495283019
0.053846154 0.492957746
0.053846154 0.490654206
0.053846154 0.488372093
0.054358974 0.490740741
0.054358974 0.488479263
0.054871795 0.490825688
0.054871795 0.488584475
0.054871795 0.486363636
0.054871795 0.484162896
0.054871795 0.481981982
0.054871795 0.479820628
0.055384615 0.482142857
0.055384615 0.48
0.055384615 0.477876106
0.055897436 0.480176211
0.055897436 0.478070175
0.055897436 0.475982533
0.056410256 0.47826087
0.056410256 0.476190476
0.056410256 0.474137931
0.056923077 0.47639485
0.056923077 0.474358974
0.057435897 0.476595745
0.057435897 0.474576271
0.057948718 0.476793249
0.057948718 0.474789916
0.057948718 0.472803347
0.057948718 0.470833333
0.057948718 0.468879668
0.058461538 0.47107438
0.058974359 0.473251029
0.059487179 0.475409836
0.059487179 0.473469388
0.06 0.475609756
0.06 0.473684211
0.060512821 0.475806452
0.061025641 0.477911647
0.061025641 0.476
0.061025641 0.474103586
0.061025641 0.472222222
0.061025641 0.470355731
0.061538462 0.472440945
0.062051282 0.474509804
0.062051282 0.47265625
0.062051282 0.470817121
0.062564103 0.472868217
0.062564103 0.471042471
0.062564103 0.469230769
0.063076923 0.471264368
0.063076923 0.469465649
0.063589744 0.47148289
0.063589744 0.46969697
0.064102564 0.471698113
0.064102564 0.469924812
0.064615385 0.471910112
0.064615385 0.470149254
0.065128205 0.472118959
0.065641026 0.474074074
0.065641026 0.472324723
0.065641026 0.470588235
0.065641026 0.468864469
0.065641026 0.467153285
0.065641026 0.465454545
0.065641026 0.463768116
0.065641026 0.462093863
0.066153846 0.464028777
0.066153846 0.462365591
0.066153846 0.460714286
0.066666667 0.462633452
0.066666667 0.460992908
0.067179487 0.462897527
0.067179487 0.461267606
0.067179487 0.459649123
0.067692308 0.461538462
0.067692308 0.459930314
0.067692308 0.458333333
0.067692308 0.456747405
0.067692308 0.455172414
0.067692308 0.453608247
0.067692308 0.452054795
0.067692308 0.450511945
0.067692308 0.448979592
0.067692308 0.447457627
0.067692308 0.445945946
0.068205128 0.447811448
0.068717949 0.44966443
0.069230769 0.451505017
0.06974359 0.453333333
0.06974359 0.451827243
0.07025641 0.453642384
0.070769231 0.455445545
0.070769231 0.453947368
0.070769231 0.452459016
0.071282051 0.454248366
0.071282051 0.45276873
0.071282051 0.451298701
0.071282051 0.449838188
0.071282051 0.448387097
0.071794872 0.450160772
0.072307692 0.451923077
0.072307692 0.450479233
0.072307692 0.449044586
0.072820513 0.450793651
0.073333333 0.452531646
0.073333333 0.451104101
0.073846154 0.452830189
0.073846154 0.451410658
0.073846154 0.45
0.074358974 0.451713396
0.074871795 0.453416149
0.074871795 0.452012384
0.074871795 0.450617284
0.075384615 0.452307692
0.075384615 0.450920245
0.075384615 0.449541284
0.075384615 0.448170732
0.075384615 0.446808511
0.075384615 0.445454545
0.075384615 0.444108761
0.075384615 0.442771084
0.075897436 0.444444444
0.076410256 0.446107784
0.076410256 0.444776119
0.076410256 0.443452381
0.076923077 0.445103858
0.076923077 0.443786982
0.077435897 0.445427729
0.077435897 0.444117647
0.077948718 0.445747801
0.077948718 0.444444444
0.077948718 0.443148688
0.077948718 0.441860465
0.077948718 0.44057971
0.078461538 0.442196532
0.078461538 0.44092219
0.078974359 0.442528736
0.078974359 0.441260745
0.078974359 0.44
0.078974359 0.438746439
0.078974359 0.4375
0.079487179 0.439093484
0.079487179 0.437853107
0.079487179 0.436619718
0.08 0.438202247
0.08 0.43697479
0.08 0.43575419
0.08 0.43454039
0.08 0.433333333
0.08 0.432132964
0.08 0.430939227
0.08 0.429752066
0.08 0.428571429
0.080512821 0.430136986
0.080512821 0.428961749
0.081025641 0.430517711
0.081538462 0.432065217
0.081538462 0.430894309
0.081538462 0.42972973
0.081538462 0.428571429
0.081538462 0.427419355
0.081538462 0.426273458
0.081538462 0.42513369
0.081538462 0.424
0.081538462 0.42287234
0.081538462 0.421750663
0.082051282 0.423280423
0.082051282 0.422163588
0.082051282 0.421052632
0.082051282 0.419947507
0.082564103 0.421465969
0.083076923 0.422976501
0.083076923 0.421875
0.083076923 0.420779221
0.083589744 0.422279793
0.083589744 0.42118863
0.084102564 0.422680412
0.084615385 0.424164524
0.085128205 0.425641026
0.085128205 0.42455243
0.085641026 0.426020408
0.085641026 0.424936387
0.085641026 0.423857868
0.086153846 0.425316456
0.086153846 0.424242424
0.086153846 0.423173804
0.086153846 0.422110553
0.086153846 0.421052632
0.086153846 0.42
0.086666667 0.421446384
0.086666667 0.42039801
0.086666667 0.419354839
0.086666667 0.418316832
0.086666667 0.417283951
0.086666667 0.416256158
0.086666667 0.415233415
0.086666667 0.414215686
0.086666667 0.413202934
0.086666667 0.412195122
0.086666667 0.411192214
0.086666667 0.410194175
0.086666667 0.409200969
0.086666667 0.40821256
0.086666667 0.407228916
0.087179487 0.408653846
0.087179487 0.407673861
0.087179487 0.406698565
0.087179487 0.405727924
0.087179487 0.404761905
0.087179487 0.403800475
0.087179487 0.402843602
0.087179487 0.401891253
0.087692308 0.403301887
0.087692308 0.402352941
0.087692308 0.401408451
0.087692308 0.400468384
0.087692308 0.39953271
0.087692308 0.398601399
0.087692308 0.397674419
0.087692308 0.39675174
0.087692308 0.395833333
0.087692308 0.394919169
0.088205128 0.396313364
0.088205128 0.395402299
0.088717949 0.396788991
0.088717949 0.395881007
0.088717949 0.394977169
0.089230769 0.396355353
0.08974359 0.397727273
0.08974359 0.396825397
0.08974359 0.395927602
0.08974359 0.39503386
0.08974359 0.394144144
0.08974359 0.393258427
0.08974359 0.392376682
0.08974359 0.391498881
0.09025641 0.392857143
0.090769231 0.394209354
0.091282051 0.395555556
0.091282051 0.394678492
0.091282051 0.39380531
0.091282051 0.392935982
0.091794872 0.394273128
0.092307692 0.395604396
0.092307692 0.394736842
0.092307692 0.393873085
0.092307692 0.3930131
0.092820513 0.394335512
0.093333333 0.395652174
0.093333333 0.394793926
0.093333333 0.393939394
0.093333333 0.393088553
0.093846154 0.394396552
0.094358974 0.395698925
0.094871795 0.396995708
0.094871795 0.39614561
0.095384615 0.397435897
0.095897436 0.398720682
0.095897436 0.39787234
0.096410256 0.399150743
0.096410256 0.398305085
0.096410256 0.397463002
0.096410256 0.396624473
0.096410256 0.395789474
0.096410256 0.394957983
0.096410256 0.394129979
0.096923077 0.39539749
0.096923077 0.394572025
0.097435897 0.395833333
0.097948718 0.397089397
0.097948718 0.39626556
0.098461538 0.397515528
0.098461538 0.396694215
0.098974359 0.397938144
0.098974359 0.397119342
0.099487179 0.39835729
0.099487179 0.397540984
0.1 0.398773006
0.100512821 0.4
0.100512821 0.399185336
0.100512821 0.398373984
0.101025641 0.39959432
0.101538462 0.400809717
0.101538462 0.4
0.101538462 0.399193548
0.102051282 0.400402414
0.102051282 0.399598394
0.102564103 0.400801603
0.102564103 0.4
0.102564103 0.399201597
0.102564103 0.398406375
0.103076923 0.399602386
0.103589744 0.400793651
0.103589744 0.4
0.103589744 0.399209486
0.103589744 0.398422091
0.103589744 0.397637795
0.103589744 0.396856582
0.103589744 0.396078431
0.103589744 0.395303327
0.103589744 0.39453125
0.103589744 0.393762183
0.103589744 0.392996109
0.104102564 0.394174757
0.104102564 0.393410853
0.104102564 0.392649903
0.104102564 0.391891892
0.104102564 0.391136802
0.104615385 0.392307692
0.105128205 0.393474088
0.105128205 0.392720307
0.105128205 0.391969407
0.105128205 0.391221374
0.105641026 0.392380952
0.105641026 0.391634981
0.106153846 0.392789374
0.106666667 0.393939394
0.107179487 0.395085066
0.107179487 0.394339623
0.107179487 0.393596987
0.107692308 0.394736842
0.107692308 0.393996248
0.107692308 0.393258427
0.107692308 0.392523364
0.107692308 0.391791045
0.108205128 0.39292365
0.108205128 0.392193309
0.108205128 0.391465677
0.108205128 0.390740741
0.108205128 0.390018484
0.108205128 0.389298893
0.108717949 0.390423573
0.108717949 0.389705882
0.109230769 0.390825688
0.109230769 0.39010989
0.109230769 0.389396709
0.109230769 0.388686131
0.109230769 0.387978142
0.109230769 0.387272727
0.109230769 0.386569873
0.109230769 0.385869565
0.109230769 0.38517179
0.109230769 0.384476534
0.10974359 0.385585586
0.10974359 0.384892086
0.10974359 0.384201077
0.11025641 0.385304659
0.110769231 0.386404293
0.110769231 0.385714286
0.110769231 0.385026738
0.110769231 0.384341637
0.110769231 0.38365897
0.110769231 0.382978723
0.110769231 0.382300885
0.110769231 0.381625442
0.110769231 0.380952381
0.111282051 0.382042254
0.111282051 0.381370826
0.111282051 0.380701754
0.111282051 0.380035026
0.111282051 0.379370629
0.111282051 0.378708551
0.111282051 0.37804878
0.111794872 0.379130435
0.111794872 0.378472222
0.111794872 0.377816291
0.111794872 0.37716263
0.111794872 0.376511226
0.111794872 0.375862069
0.112307692 0.376936317
0.112307692 0.37628866
0.112820513 0.377358491
0.112820513 0.376712329
0.112820513 0.376068376
0.112820513 0.375426621
0.113333333 0.37649063
0.113846154 0.37755102
0.113846154 0.376910017
0.114358974 0.377966102
0.114358974 0.377326565
0.114871795 0.378378378
0.114871795 0.377740304
0.114871795 0.377104377
0.114871795 0.376470588
0.114871795 0.375838926
0.114871795 0.37520938
0.115384615 0.376254181
0.115384615 0.375626043
0.115384615 0.375
0.115384615 0.37437604
0.115384615 0.373754153
0.115384615 0.373134328
0.115384615 0.372516556
0.115384615 0.371900826
0.115384615 0.371287129
0.115384615 0.370675453
0.115384615 0.370065789
0.115384615 0.369458128
0.115384615 0.368852459
0.115384615 0.368248773
0.115897436 0.369281046
0.115897436 0.36867863
0.115897436 0.368078176
0.115897436 0.367479675
0.116410256 0.368506494
0.116923077 0.369529984
0.117435897 0.370550162
0.117435897 0.369951535
0.117435897 0.369354839
0.117435897 0.368760064
0.117435897 0.368167203
0.117435897 0.367576244
0.117435897 0.366987179
0.117435897 0.3664
0.117435897 0.365814696
0.117435897 0.36523126
0.117435897 0.364649682
0.117435897 0.364069952
0.117435897 0.363492063
0.117435897 0.362916006
0.117948718 0.363924051
0.117948718 0.363349131
0.117948718 0.362776025
0.117948718 0.362204724
0.118461538 0.363207547
0.118461538 0.362637363
0.118461538 0.362068966
0.118461538 0.361502347
0.118461538 0.3609375
0.118461538 0.360374415
0.118461538 0.359813084
0.118974359 0.360808709
0.118974359 0.360248447
0.119487179 0.36124031
0.119487179 0.360681115
0.119487179 0.360123648
0.119487179 0.359567901
0.119487179 0.359013867
0.12 0.36
0.12 0.359447005
0.12 0.358895706
0.12 0.358346095
0.12 0.357798165
0.120512821 0.358778626
0.121025641 0.359756098
0.121025641 0.359208524
0.121025641 0.358662614
0.121025641 0.358118361
0.121025641 0.357575758
0.121025641 0.357034796
0.121538462 0.358006042
0.121538462 0.357466063
0.121538462 0.356927711
0.121538462 0.356390977
0.122051282 0.357357357
0.122564103 0.35832084
0.122564103 0.357784431
0.122564103 0.357249626
0.122564103 0.356716418
0.122564103 0.356184799
0.122564103 0.355654762
0.122564103 0.3551263
0.123076923 0.356083086
0.123076923 0.355555556
0.123076923 0.355029586
0.123589744 0.355982275
0.124102564 0.356932153
0.124615385 0.357879234
0.124615385 0.357352941
0.124615385 0.356828194
0.124615385 0.356304985
0.124615385 0.355783309
0.125128205 0.356725146
0.125128205 0.35620438
0.125128205 0.355685131
0.125128205 0.355167394
0.125128205 0.354651163
0.125128205 0.35413643
0.125128205 0.353623188
0.125641026 0.354558611
0.125641026 0.354046243
0.125641026 0.353535354
0.126153846 0.354466859
0.126153846 0.353956835
0.126153846 0.353448276
0.126153846 0.352941176
0.126153846 0.35243553
0.126666667 0.353361946
0.126666667 0.352857143
0.127179487 0.353780314
0.127179487 0.353276353
0.127179487 0.352773826
0.127692308 0.353693182
0.128205128 0.354609929
0.128717949 0.355524079
0.129230769 0.356435644
0.12974359 0.357344633
0.12974359 0.356840621
0.12974359 0.356338028
0.13025641 0.357243319
0.13025641 0.356741573
0.13025641 0.356241234
0.130769231 0.357142857
0.131282051 0.358041958
0.131282051 0.357541899
0.131282051 0.357043236
0.131282051 0.356545961
0.131282051 0.35605007
0.131282051 0.355555556
0.131282051 0.355062413
0.131282051 0.354570637
0.131794872 0.355463347
0.131794872 0.354972376
0.131794872 0.354482759
0.132307692 0.355371901
0.132820513 0.356258597
0.132820513 0.355769231
0.132820513 0.355281207
0.132820513 0.354794521
0.132820513 0.354309166
0.132820513 0.353825137
0.133333333 0.354706685
0.133846154 0.355585831
0.133846154 0.355102041
0.133846154 0.354619565
0.133846154 0.354138399
0.133846154 0.353658537
0.133846154 0.353179973
0.133846154 0.352702703
0.134358974 0.353576248
0.134358974 0.35309973
0.134358974 0.352624495
0.134358974 0.352150538
0.134358974 0.351677852
0.134358974 0.351206434
0.134871795 0.352074967
0.135384615 0.352941176
0.135384615 0.35246996
0.135384615 0.352
0.135384615 0.351531292
0.135384615 0.35106383
0.135897436 0.351925631
0.135897436 0.351458886
0.135897436 0.350993377
0.135897436 0.350529101
0.135897436 0.35006605
0.135897436 0.349604222
0.135897436 0.34914361
0.136410256 0.35
0.136923077 0.350854139
0.136923077 0.350393701
0.136923077 0.349934469
0.136923077 0.34947644
0.136923077 0.349019608
0.136923077 0.348563969
0.137435897 0.349413299
0.137948718 0.350260417
0.138461538 0.351105332
0.138461538 0.350649351
0.138461538 0.350194553
0.138974359 0.351036269
0.138974359 0.350582147
0.138974359 0.350129199
0.138974359 0.349677419
0.138974359 0.349226804
0.138974359 0.348777349
0.138974359 0.348329049
0.139487179 0.349165597
0.139487179 0.348717949
0.139487179 0.348271447
0.14 0.349104859
0.140512821 0.349936143
0.141025641 0.350765306
0.141025641 0.350318471
0.141025641 0.349872774
0.141025641 0.349428208
0.141538462 0.350253807
0.141538462 0.349809886
0.141538462 0.349367089
0.141538462 0.348925411
0.141538462 0.348484848
0.142051282 0.349306431
0.142564103 0.350125945
0.142564103 0.349685535
0.142564103 0.349246231
0.143076923 0.350062735
0.143589744 0.350877193
0.143589744 0.350438048
0.143589744 0.35
0.143589744 0.349563046
0.143589744 0.349127182
0.143589744 0.348692403
0.143589744 0.348258706
0.143589744 0.347826087
0.143589744 0.347394541
0.143589744 0.346964064
0.143589744 0.346534653
0.143589744 0.346106304
0.143589744 0.345679012
0.143589744 0.345252774
0.143589744 0.344827586
0.143589744 0.344403444
0.143589744 0.343980344
0.144102564 0.344785276
0.144102564 0.344362745
0.144102564 0.343941248
0.144102564 0.343520782
0.144102564 0.343101343
0.144102564 0.342682927
0.144102564 0.34226553
0.144102564 0.341849148
0.144102564 0.341433779
0.144615385 0.34223301
0.144615385 0.341818182
0.144615385 0.341404358
0.144615385 0.340991536
0.144615385 0.34057971
0.144615385 0.340168878
0.144615385 0.339759036
0.144615385 0.339350181
0.144615385 0.338942308
0.144615385 0.338535414
0.144615385 0.338129496
0.144615385 0.337724551
0.145128205 0.338516746
0.145128205 0.338112306
0.145641026 0.338902148
0.146153846 0.339690107
0.146666667 0.34047619
0.147179487 0.341260404
0.147179487 0.340855107
0.147692308 0.341637011
0.148205128 0.342417062
0.148717949 0.343195266
0.148717949 0.342789598
0.148717949 0.342384888
0.148717949 0.341981132
0.148717949 0.341578327
0.149230769 0.342352941
0.149230769 0.341950646
0.14974359 0.342723005
0.14974359 0.342321219
0.14974359 0.341920375
0.14974359 0.341520468
0.14974359 0.341121495
0.14974359 0.340723454
0.14974359 0.34032634
0.14974359 0.339930151
0.15025641 0.340697674
0.150769231 0.341463415
0.151282051 0.342227378
0.151794872 0.342989571
0.152307692 0.34375
0.152820513 0.344508671
0.153333333 0.345265589
0.153846154 0.346020761
0.154358974 0.346774194
0.154871795 0.347525892
0.155384615 0.348275862
0.155897436 0.34902411
0.156410256 0.349770642
0.156923077 0.350515464
0.156923077 0.350114416
0.156923077 0.349714286
0.156923077 0.349315068
0.157435897 0.350057013
0.157435897 0.349658314
0.157948718 0.35039818
0.157948718 0.35
0.157948718 0.349602724
0.157948718 0.349206349
0.157948718 0.348810872
0.157948718 0.34841629
0.158461538 0.349152542
0.158974359 0.349887133
0.158974359 0.349492672
0.158974359 0.349099099
0.158974359 0.348706412
0.158974359 0.348314607
0.158974359 0.347923681
0.158974359 0.347533632
0.158974359 0.347144457
0.158974359 0.346756152
0.158974359 0.346368715
0.158974359 0.345982143
0.158974359 0.345596433
0.158974359 0.345211581
0.158974359 0.344827586
0.159487179 0.345555556
0.159487179 0.345172031
0.159487179 0.344789357
0.16 0.34551495
0.16 0.345132743
0.16 0.344751381
0.16 0.344370861
0.16 0.34399118
0.16 0.343612335
0.16 0.343234323
0.16 0.342857143
0.16 0.34248079
0.16 0.342105263
0.16 0.341730559
0.16 0.341356674
0.16 0.340983607
0.16 0.340611354
0.16 0.340239913
0.160512821 0.340958606
0.160512821 0.340587595
0.160512821 0.340217391
0.160512821 0.339847991
0.160512821 0.339479393
0.160512821 0.339111593
0.161025641 0.33982684
0.161538462 0.340540541
0.162051282 0.3412527
0.162564103 0.341963323
0.163076923 0.342672414
0.163589744 0.343379978
0.163589744 0.343010753
0.163589744 0.34264232
0.163589744 0.342274678
0.163589744 0.341907824
0.163589744 0.341541756
0.164102564 0.342245989
0.164102564 0.341880342
0.164102564 0.341515475
0.164102564 0.341151386
0.164102564 0.340788072
0.164102564 0.340425532
0.164102564 0.340063762
0.164102564 0.33970276
0.164102564 0.339342524
0.164615385 0.340042373
0.165128205 0.340740741
0.165641026 0.341437632
0.166153846 0.342133052
0.166666667 0.342827004
0.167179487 0.343519494
0.167692308 0.344210526
0.167692308 0.34384858
0.167692308 0.343487395
0.167692308 0.343126967
0.167692308 0.342767296
0.168205128 0.343455497
0.168205128 0.343096234
0.168205128 0.342737722
0.168205128 0.342379958
0.168205128 0.342022941
0.168205128 0.341666667
0.168205128 0.341311134
0.168717949 0.341995842
0.168717949 0.341640706
0.168717949 0.341286307
0.168717949 0.340932642
0.168717949 0.34057971
0.168717949 0.340227508
0.169230769 0.340909091
0.169230769 0.340557276
0.169230769 0.340206186
0.169230769 0.339855819
0.169230769 0.339506173
0.169230769 0.339157246
0.169230769 0.338809035
0.169230769 0.338461538
0.169230769 0.338114754
0.169230769 0.33776868
0.169230769 0.337423313
0.16974359 0.338100102
0.16974359 0.337755102
0.16974359 0.337410805
0.17025641 0.33808554
0.17025641 0.337741607
0.170769231 0.338414634
0.170769231 0.338071066
0.170769231 0.337728195
0.171282051 0.338399189
0.171794872 0.339068826
0.171794872 0.338725986
0.171794872 0.338383838
0.171794872 0.338042381
0.172307692 0.338709677
0.172307692 0.33836858
0.172307692 0.338028169
0.172307692 0.337688442
0.172307692 0.337349398
0.172307692 0.337011033
0.172307692 0.336673347
0.172307692 0.336336336
0.172307692 0.336
0.172307692 0.335664336
0.172820513 0.336327345
0.172820513 0.335992024
0.173333333 0.336653386
0.173846154 0.337313433
0.173846154 0.336978131
0.173846154 0.336643496
0.173846154 0.336309524
0.173846154 0.335976214
0.173846154 0.335643564
0.173846154 0.335311573
0.173846154 0.334980237
0.173846154 0.334649556
0.174358974 0.33530572
0.174358974 0.334975369
0.174358974 0.334645669
0.174871795 0.335299902
0.174871795 0.33497053
0.174871795 0.334641806
0.174871795 0.334313725
0.174871795 0.333986288
0.174871795 0.333659491
0.174871795 0.333333333
0.174871795 0.333007813
0.174871795 0.332682927
0.174871795 0.332358674
0.174871795 0.332035054
0.174871795 0.331712062
0.174871795 0.331389699
0.174871795 0.331067961
0.174871795 0.330746848
0.174871795 0.330426357
0.174871795 0.330106486
0.174871795 0.329787234
0.174871795 0.329468599
0.174871795 0.329150579
0.174871795 0.328833173
0.174871795 0.328516378
0.174871795 0.328200192
0.174871795 0.327884615
0.174871795 0.327569645
0.174871795 0.327255278
0.174871795 0.326941515
0.174871795 0.326628352
0.175384615 0.327272727
0.175384615 0.326959847
0.175384615 0.326647564
0.175897436 0.327290076
0.175897436 0.326978074
0.175897436 0.326666667
0.175897436 0.326355852
0.175897436 0.326045627
0.175897436 0.325735992
0.175897436 0.325426945
0.175897436 0.325118483
0.176410256 0.325757576
0.176410256 0.325449385
0.176410256 0.325141777
0.176410256 0.32483475
0.176410256 0.324528302
0.176410256 0.324222432
0.176410256 0.323917137
0.176410256 0.323612418
0.176410256 0.323308271
0.176410256 0.323004695
0.176410256 0.322701689
0.176410256 0.32239925
0.176410256 0.322097378
0.176923077 0.322731525
0.176923077 0.322429907
0.176923077 0.322128852
0.176923077 0.321828358
0.176923077 0.321528425
0.176923077 0.32122905
0.177435897 0.321860465
0.177435897 0.321561338
0.177435897 0.321262767
0.177435897 0.32096475
0.177435897 0.320667285
0.177435897 0.32037037
0.177435897 0.320074006
0.177435897 0.319778189
0.177435897 0.319482918
0.177435897 0.319188192
0.177435897 0.318894009
0.177435897 0.318600368
0.177435897 0.318307268
0.177435897 0.318014706
0.177435897 0.317722681
0.177435897 0.317431193
0.177435897 0.317140238
0.177435897 0.316849817
0.177435897 0.316559927
0.177435897 0.316270567
0.177435897 0.315981735
0.177435897 0.315693431
0.177948718 0.316317229
0.177948718 0.316029144
0.177948718 0.315741583
0.177948718 0.315454545
0.177948718 0.315168029
0.177948718 0.314882033
0.177948718 0.314596555
0.177948718 0.314311594
0.177948718 0.314027149
0.177948718 0.313743219
0.177948718 0.313459801
0.178461538 0.314079422
0.178461538 0.313796213
0.178461538 0.313513514
0.178974359 0.314131413
0.178974359 0.313848921
0.178974359 0.313566936
0.179487179 0.314183124
0.18 0.314798206
0.18 0.314516129
0.18 0.314234557
0.18 0.313953488
0.18 0.313672922
0.18 0.313392857
0.18 0.313113292
0.18 0.312834225
0.180512821 0.313446126
0.180512821 0.31316726
0.180512821 0.312888889
0.180512821 0.312611012
0.180512821 0.312333629
0.180512821 0.312056738
0.180512821 0.311780337
0.180512821 0.311504425
0.180512821 0.311229001
0.181025641 0.311837456
0.181538462 0.312444837
0.182051282 0.313051146
0.182051282 0.31277533
0.182051282 0.3125
0.182051282 0.312225154
0.182051282 0.311950791
0.182051282 0.31167691
0.182051282 0.311403509
0.182051282 0.311130587
0.182051282 0.310858144
0.182051282 0.310586177
0.182051282 0.310314685
0.182051282 0.310043668
0.182051282 0.309773124
0.182051282 0.309503051
0.182051282 0.309233449
0.182051282 0.308964317
0.182051282 0.308695652
0.182051282 0.308427454
0.182051282 0.308159722
0.182051282 0.307892454
0.182051282 0.30762565
0.182051282 0.307359307
0.182051282 0.307093426
0.182051282 0.306828003
0.182051282 0.30656304
0.182051282 0.306298533
0.182051282 0.306034483
0.182564103 0.306632214
0.183076923 0.307228916
0.183589744 0.307824592
0.184102564 0.308419244
0.184615385 0.309012876
0.185128205 0.309605489
0.185128205 0.309340189
0.185128205 0.309075342
0.185128205 0.30881095
0.185128205 0.308547009
0.185128205 0.308283518
0.185641026 0.30887372
0.185641026 0.308610401
0.185641026 0.30834753
0.186153846 0.30893617
0.186666667 0.30952381
0.186666667 0.309260833
0.186666667 0.308998302
0.186666667 0.308736217
0.187179487 0.309322034
0.187179487 0.309060119
0.187179487 0.308798646
0.187179487 0.308537616
0.187179487 0.308277027
0.187179487 0.308016878
0.187179487 0.307757167
0.187179487 0.307497894
0.187179487 0.307239057
0.187179487 0.306980656
0.187179487 0.306722689
0.187692308 0.307304786
0.187692308 0.30704698
0.187692308 0.306789606
0.187692308 0.306532663
0.187692308 0.306276151
0.187692308 0.306020067
0.187692308 0.305764411
0.187692308 0.305509182
0.187692308 0.305254379
0.188205128 0.305833333
0.188205128 0.305578684
0.188205128 0.305324459
0.188717949 0.305901912
0.188717949 0.305647841
0.188717949 0.305394191
0.188717949 0.305140962
0.188717949 0.304888152
0.188717949 0.304635762
0.188717949 0.304383788
0.188717949 0.304132231
0.188717949 0.30388109
0.189230769 0.304455446
0.189230769 0.304204452
0.189230769 0.303953871
0.189230769 0.303703704
0.189230769 0.303453947
0.189230769 0.303204601
0.18974359 0.303776683
0.18974359 0.303527482
0.18974359 0.303278689
0.18974359 0.303030303
0.18974359 0.302782324
0.19025641 0.303352412
0.19025641 0.303104575
0.19025641 0.302857143
0.19025641 0.302610114
0.19025641 0.302363488
0.19025641 0.302117264
0.19025641 0.30187144
0.19025641 0.301626016
0.19025641 0.301380991
0.19025641 0.301136364
0.19025641 0.300892133
0.190769231 0.301458671
0.190769231 0.301214575
0.191282051 0.301779935
0.191282051 0.301535974
0.191282051 0.301292407
0.191282051 0.301049233
0.191282051 0.300806452
0.191794872 0.301369863
0.191794872 0.301127214
0.191794872 0.300884956
0.191794872 0.300643087
0.191794872 0.300401606
0.191794872 0.300160514
0.191794872 0.299919808
0.191794872 0.299679487
0.192307692 0.300240192
0.192307692 0.3
0.192307692 0.299760192
0.192307692 0.299520767
0.192307692 0.299281724
0.192307692 0.299043062
0.192307692 0.298804781
0.192820513 0.299363057
0.192820513 0.299124901
0.192820513 0.298887122
0.192820513 0.298649722
0.192820513 0.298412698
0.192820513 0.298176051
0.192820513 0.297939778
0.192820513 0.29770388
0.192820513 0.297468354
0.192820513 0.297233202
0.192820513 0.29699842
0.192820513 0.296764009
0.192820513 0.296529968
0.192820513 0.296296296
0.192820513 0.296062992
0.192820513 0.295830055
0.192820513 0.295597484
0.192820513 0.295365279
0.192820513 0.295133438
0.192820513 0.294901961
0.192820513 0.294670846
0.192820513 0.294440094
0.192820513 0.294209703
0.192820513 0.293979672
0.192820513 0.29375
0.193333333 0.294301327
0.193333333 0.294071763
0.193333333 0.293842557
0.193333333 0.293613707
0.193333333 0.293385214
0.193333333 0.293157076
0.193333333 0.292929293
0.193333333 0.292701863
0.193846154 0.293250582
0.193846154 0.293023256
0.193846154 0.292796282
0.193846154 0.292569659
0.193846154 0.292343387
0.193846154 0.292117465
0.193846154 0.291891892
0.193846154 0.291666667
0.194358974 0.292212799
0.194358974 0.291987673
0.194358974 0.291762895
0.194358974 0.291538462
0.194358974 0.291314374
0.194358974 0.29109063
0.194358974 0.290867229
0.194358974 0.290644172
0.194358974 0.290421456
0.194358974 0.290199081
0.194358974 0.289977047
0.194358974 0.289755352
0.194358974 0.289533995
0.194358974 0.289312977
0.194358974 0.289092296
0.194358974 0.288871951
0.194358974 0.288651942
0.194358974 0.288432268
0.194358974 0.288212928
0.194871795 0.288753799
0.194871795 0.288534548
0.194871795 0.28831563
0.195384615 0.288855193
0.195384615 0.288636364
0.195384615 0.288417865
0.195384615 0.288199697
0.195384615 0.287981859
0.195384615 0.28776435
0.195897436 0.288301887
0.195897436 0.288084465
0.195897436 0.28786737
0.195897436 0.287650602
0.195897436 0.287434161
0.195897436 0.287218045
0.195897436 0.287002254
0.196410256 0.287537538
0.196410256 0.28732183
0.196410256 0.287106447
0.196923077 0.287640449
0.196923077 0.28742515
0.197435897 0.287958115
0.197948718 0.288490284
0.197948718 0.288274832
0.197948718 0.288059701
0.197948718 0.287844892
0.198461538 0.288375559
0.198461538 0.288160834
0.198461538 0.287946429
0.198974359 0.288475836
0.198974359 0.288261516
0.198974359 0.288047513
0.198974359 0.287833828
0.198974359 0.28762046
0.198974359 0.287407407
0.198974359 0.287194671
0.198974359 0.286982249
0.198974359 0.28677014
0.198974359 0.286558346
0.198974359 0.286346863
0.198974359 0.286135693
0.198974359 0.285924834
0.198974359 0.285714286
0.198974359 0.285504047
0.198974359 0.285294118
0.198974359 0.285084497
0.198974359 0.284875184
0.198974359 0.284666178
0.199487179 0.285190616
0.199487179 0.284981685
0.2 0.285505124
0.2 0.285296269
0.200512821 0.285818713
0.200512821 0.285609934
0.200512821 0.28540146
0.200512821 0.28519329
0.201025641 0.285714286
0.201025641 0.285506191
0.201025641 0.285298399
0.201025641 0.285090909
0.201025641 0.284883721
0.201025641 0.284676834
0.201025641 0.284470247
0.201538462 0.284989123
0.201538462 0.284782609
0.201538462 0.284576394
0.201538462 0.284370478
0.201538462 0.284164859
0.201538462 0.283959538
0.201538462 0.283754513
0.201538462 0.283549784
0.201538462 0.28334535
0.201538462 0.28314121
0.201538462 0.282937365
0.201538462 0.282733813
0.202051282 0.283249461
0.202564103 0.283764368
0.202564103 0.28356066
0.202564103 0.283357245
0.202564103 0.283154122
0.202564103 0.282951289
0.202564103 0.282748747
0.202564103 0.282546495
0.202564103 0.282344532
0.202564103 0.282142857
0.202564103 0.28194147
0.202564103 0.281740371
0.202564103 0.281539558
0.202564103 0.281339031
0.202564103 0.28113879
0.202564103 0.280938834
0.202564103 0.280739161
0.203076923 0.28125
0.203076923 0.28105039
0.203076923 0.280851064
0.203076923 0.28065202
0.203076923 0.280453258
0.203076923 0.280254777
0.203076923 0.280056577
0.203076923 0.279858657
0.203076923 0.279661017
0.203076923 0.279463656
0.203076923 0.279266573
0.203076923 0.279069767
0.203076923 0.278873239
0.203076923 0.278676988
0.203076923 0.278481013
0.203076923 0.278285313
0.203076923 0.278089888
0.203076923 0.277894737
0.203076923 0.27769986
0.203076923 0.277505256
0.203076923 0.277310924
0.203076923 0.277116865
0.203076923 0.276923077
0.203589744 0.277428372
0.203589744 0.277234637
0.203589744 0.277041172
0.203589744 0.276847978
0.203589744 0.276655052
0.203589744 0.276462396
0.203589744 0.276270007
0.203589744 0.276077886
0.203589744 0.275886032
0.204102564 0.276388889
0.204102564 0.276197085
0.204102564 0.276005548
0.204102564 0.275814276
0.204102564 0.275623269
0.204102564 0.275432526
0.204102564 0.275242047
0.204102564 0.275051831
0.204102564 0.274861878
0.204102564 0.274672188
0.204102564 0.274482759
0.204615385 0.274982771
0.204615385 0.274793388
0.204615385 0.274604267
0.204615385 0.274415406
0.205128205 0.274914089
0.205128205 0.274725275
0.205128205 0.274536719
0.205128205 0.274348422
0.205128205 0.274160384
0.205128205 0.273972603
0.205128205 0.273785079
0.205128205 0.273597811
0.205128205 0.2734108
0.205128205 0.273224044
0.205128205 0.273037543
0.205641026 0.273533424
0.205641026 0.273346967
0.205641026 0.273160763
0.205641026 0.272974813
0.205641026 0.272789116
0.205641026 0.272603671
0.205641026 0.272418478
0.205641026 0.272233537
0.205641026 0.272048847
0.205641026 0.271864407
0.205641026 0.271680217
0.205641026 0.271496276
0.205641026 0.271312585
0.205641026 0.271129141
0.206153846 0.271621622
0.206153846 0.271438217
0.206153846 0.271255061
0.206153846 0.271072151
0.206153846 0.270889488
0.206153846 0.270707071
0.206666667 0.271197847
0.206666667 0.271015467
0.206666667 0.270833333
0.206666667 0.270651444
0.207179487 0.27114094
0.207179487 0.270959088
0.207179487 0.27077748
0.207692308 0.271265908
0.207692308 0.271084337
0.207692308 0.27090301
0.207692308 0.270721925
0.208205128 0.271209085
0.208205128 0.271028037
0.208205128 0.270847231
0.208717949 0.271333333
0.208717949 0.271152565
0.208717949 0.270972037
0.208717949 0.27079175
0.208717949 0.270611702
0.208717949 0.270431894
0.209230769 0.270916335
0.20974359 0.271400133
0.21025641 0.271883289
0.21025641 0.271703115
0.21025641 0.271523179
0.210769231 0.272005295
0.210769231 0.271825397
0.210769231 0.271645737
0.210769231 0.271466314
0.211282051 0.271947195
0.211282051 0.27176781
0.211282051 0.271588662
0.211282051 0.27140975
0.211282051 0.271231073
0.211282051 0.271052632
0.211282051 0.270874425
0.211282051 0.270696452
0.211282051 0.270518713
0.211794872 0.270997375
0.211794872 0.270819672
0.211794872 0.270642202
0.212307692 0.271119843
0.212307692 0.270942408
0.212307692 0.270765206
0.212307692 0.270588235
0.212307692 0.270411496
0.212307692 0.270234987
0.212307692 0.270058708
0.212820513 0.27053455
0.212820513 0.270358306
0.212820513 0.270182292
0.212820513 0.270006506
0.213333333 0.270481144
0.213333333 0.270305393
0.213333333 0.27012987
0.213333333 0.269954575
0.213333333 0.269779507
0.213333333 0.269604666
0.213333333 0.269430052
0.213333333 0.269255663
0.213333333 0.269081501
0.213333333 0.268907563
0.213333333 0.26873385
0.213333333 0.268560362
0.213333333 0.268387097
0.213846154 0.268858801
0.213846154 0.268685567
0.213846154 0.268512556
0.213846154 0.268339768
0.213846154 0.268167203
0.213846154 0.267994859
0.213846154 0.267822736
0.213846154 0.267650834
0.213846154 0.267479153
0.214358974 0.267948718
0.214871795 0.268417681
0.214871795 0.268245839
0.214871795 0.268074216
0.214871795 0.267902813
0.215384615 0.268370607
0.215897436 0.268837803
0.215897436 0.268666241
0.216410256 0.269132653
0.216410256 0.268961122
0.216410256 0.268789809
0.216410256 0.268618714
0.216923077 0.269083969
0.217435897 0.269548633
0.217435897 0.269377382
0.217948718 0.26984127
0.217948718 0.269670051
0.218461538 0.270133164
0.218461538 0.269961977
0.218461538 0.269791007
0.218461538 0.269620253
0.218461538 0.269449715
0.218461538 0.269279393
0.218461538 0.269109286
0.218461538 0.268939394
0.218461538 0.268769716
0.218461538 0.268600252
0.218461538 0.268431002
0.218461538 0.268261965
0.218461538 0.26809314
0.218461538 0.267924528
0.218461538 0.267756128
0.218461538 0.26758794
0.218461538 0.267419962
0.218461538 0.267252196
0.218461538 0.267084639
0.218461538 0.266917293
0.218461538 0.266750157
0.218461538 0.266583229
0.218461538 0.26641651
0.218974359 0.266875
0.219487179 0.267332917
0.219487179 0.267166042
0.219487179 0.266999376
0.219487179 0.266832918
0.219487179 0.266666667
0.219487179 0.266500623
0.219487179 0.266334785
0.219487179 0.266169154
0.219487179 0.266003729
0.219487179 0.265838509
0.219487179 0.265673495
0.22 0.266129032
0.22 0.265964042
0.22 0.265799257
0.22 0.265634675
0.22 0.265470297
0.22 0.265306122
0.22 0.265142151
0.220512821 0.265596047
0.220512821 0.265432099
0.220512821 0.265268353
0.220512821 0.265104809
0.220512821 0.264941466
0.220512821 0.264778325
0.220512821 0.264615385
0.220512821 0.264452645
0.221025641 0.264904733
0.221025641 0.264742015
0.221025641 0.264579497
0.221025641 0.264417178
0.221025641 0.264255058
0.221025641 0.264093137
0.221025641 0.263931415
0.221538462 0.264381885
0.221538462 0.264220183
0.222051282 0.264669927
0.222051282 0.264508247
0.222051282 0.264346764
0.222051282 0.264185479
0.222564103 0.264634146
0.222564103 0.264472882
0.222564103 0.264311815
0.222564103 0.264150943
0.222564103 0.263990268
0.222564103 0.263829787
0.222564103 0.263669502
0.222564103 0.263509411
0.222564103 0.263349515
0.222564103 0.263189812
0.223076923 0.263636364
0.223589744 0.264082374
0.223589744 0.263922518
0.223589744 0.263762855
0.223589744 0.263603386
0.224102564 0.264048338
0.224102564 0.263888889
0.224102564 0.263729632
0.224102564 0.263570567
0.224615385 0.264014467
0.224615385 0.263855422
0.224615385 0.263696568
0.224615385 0.263537906
0.224615385 0.263379435
0.224615385 0.263221154
0.224615385 0.263063063
0.224615385 0.262905162
0.224615385 0.262747451
0.224615385 0.262589928
0.224615385 0.262432594
0.225128205 0.262874251
0.225128205 0.262716936
0.225128205 0.262559809
0.225128205 0.262402869
0.225128205 0.262246117
0.225128205 0.262089552
0.225128205 0.261933174
0.225128205 0.261776983
0.225128205 0.261620977
0.225128205 0.261465158
0.225128205 0.261309524
0.225128205 0.261154075
0.225128205 0.260998811
0.225128205 0.260843731
0.225641026 0.26128266
0.225641026 0.261127596
0.226153846 0.261565836
0.226153846 0.261410788
0.226153846 0.261255924
0.226666667 0.26169331
0.226666667 0.261538462
0.226666667 0.261383797
0.226666667 0.261229314
0.226666667 0.261075015
0.226666667 0.260920897
0.226666667 0.260766962
0.226666667 0.260613208
0.226666667 0.260459635
0.226666667 0.260306243
0.226666667 0.260153031
0.226666667 0.26
0.226666667 0.259847149
0.226666667 0.259694477
0.226666667 0.259541985
0.226666667 0.259389671
0.226666667 0.259237537
0.226666667 0.25908558
0.227179487 0.259519625
0.227179487 0.259367681
0.227179487 0.259215916
0.227179487 0.259064327
0.227179487 0.258912916
0.227179487 0.258761682
0.227179487 0.258610625
0.227179487 0.258459743
0.227179487 0.258309038
0.227179487 0.258158508
0.227179487 0.258008154
0.227179487 0.257857974
0.227179487 0.25770797
0.227179487 0.25755814
0.227179487 0.257408483
0.227179487 0.257259001
0.227179487 0.257109692
0.227179487 0.256960557
0.227179487 0.256811594
0.227179487 0.256662804
0.227179487 0.256514186
0.227179487 0.256365741
0.227179487 0.256217467
0.227179487 0.256069364
0.227179487 0.255921433
0.227179487 0.255773672
0.227179487 0.255626082
0.227179487 0.255478662
0.227179487 0.255331412
0.227692308 0.255760369
0.227692308 0.255613126
0.227692308 0.255466053
0.227692308 0.255319149
0.227692308 0.255172414
0.227692308 0.255025847
0.227692308 0.254879449
0.227692308 0.254733219
0.227692308 0.254587156
0.227692308 0.254441261
0.227692308 0.254295533
0.227692308 0.254149971
0.227692308 0.254004577
0.227692308 0.253859348
0.227692308 0.253714286
0.227692308 0.253569389
0.227692308 0.253424658
0.227692308 0.253280091
0.228205128 0.253705815
0.228205128 0.253561254
0.228205128 0.253416856
0.228205128 0.253272624
0.228205128 0.253128555
0.228205128 0.25298465
0.228205128 0.252840909
0.228205128 0.252697331
0.228205128 0.252553916
0.228205128 0.252410664
0.228205128 0.252267574
0.228205128 0.252124646
0.228205128 0.25198188
0.228205128 0.251839276
0.228205128 0.251696833
0.228205128 0.251554551
0.228205128 0.251412429
0.228205128 0.251270469
0.228717949 0.251693002
0.228717949 0.251551043
0.228717949 0.251409245
0.228717949 0.251267606
0.228717949 0.251126126
0.228717949 0.250984806
0.229230769 0.251406074
0.229230769 0.251264755
0.22974359 0.251685393
0.23025641 0.252105559
0.23025641 0.251964085
0.23025641 0.251822771
0.23025641 0.251681614
0.23025641 0.251540616
0.23025641 0.251399776
0.23025641 0.251259093
0.23025641 0.251118568
0.23025641 0.2509782
0.23025641 0.250837989
0.23025641 0.250697934
0.23025641 0.250558036
0.23025641 0.250418293
0.23025641 0.250278707
0.230769231 0.250696379
0.230769231 0.250556793
0.230769231 0.250417362
0.230769231 0.250278087
0.230769231 0.250138966
0.230769231 0.25
0.230769231 0.249861188
0.230769231 0.249722531
0.230769231 0.249584027
0.230769231 0.249445676
0.230769231 0.249307479
0.230769231 0.249169435
0.230769231 0.249031544
0.230769231 0.248893805
0.230769231 0.248756219
0.230769231 0.248618785
0.230769231 0.248481502
0.230769231 0.248344371
0.230769231 0.248207391
0.230769231 0.248070562
0.230769231 0.247933884
0.230769231 0.247797357
0.231282051 0.248211337
0.231282051 0.248074807
0.231282051 0.247938428
0.231282051 0.247802198
0.231282051 0.247666118
0.231282051 0.247530187
0.231282051 0.247394405
0.231282051 0.247258772
0.231282051 0.247123288
0.231282051 0.246987952
0.231282051 0.246852764
0.231282051 0.246717724
0.231282051 0.246582832
0.231282051 0.246448087
0.231282051 0.24631349
0.231282051 0.246179039
0.231282051 0.246044735
0.231282051 0.245910578
0.231282051 0.245776567
0.231282051 0.245642702
0.231282051 0.245508982
0.231282051 0.245375408
0.231794872 0.245785753
0.231794872 0.245652174
0.231794872 0.24551874
0.232307692 0.245928339
0.232820513 0.246337493
0.233333333 0.246746204
0.233846154 0.247154472
0.233846154 0.247020585
0.233846154 0.246886844
0.233846154 0.246753247
0.233846154 0.246619794
0.233846154 0.246486486
0.233846154 0.246353323
0.233846154 0.246220302
0.233846154 0.246087426
0.233846154 0.245954693
0.233846154 0.245822102
0.234358974 0.246228448
0.234358974 0.246095854
0.234358974 0.245963402
0.234871795 0.246369016
0.234871795 0.246236559
0.235384615 0.246641591
0.235384615 0.24650913
0.235384615 0.246376812
0.235384615 0.246244635
0.235384615 0.246112601
0.235384615 0.245980707
0.235384615 0.245848956
0.235384615 0.245717345
0.235384615 0.245585875
0.235384615 0.245454545
0.235384615 0.245323356
0.235384615 0.245192308
0.235384615 0.245061399
0.235384615 0.24493063
0.235384615 0.2448
0.235384615 0.24466951
0.235384615 0.244539158
0.235384615 0.244408946
0.235384615 0.244278872
0.235384615 0.244148936
0.235384615 0.244019139
0.235384615 0.243889479
0.235384615 0.243759958
0.235384615 0.243630573
0.235384615 0.243501326
0.235384615 0.243372216
0.235384615 0.243243243
0.235384615 0.243114407
0.235384615 0.242985707
0.235384615 0.242857143
0.235384615 0.242728715
0.235384615 0.242600423
0.235897436 0.243000528
0.235897436 0.242872228
0.235897436 0.242744063
0.235897436 0.242616034
0.235897436 0.242488139
0.235897436 0.242360379
0.235897436 0.242232754
0.236410256 0.242631579
0.236410256 0.242503945
0.236410256 0.242376446
0.236410256 0.24224908
0.236410256 0.242121849
0.236410256 0.241994751
0.236410256 0.241867786
0.236410256 0.241740954
0.236410256 0.241614256
0.236923077 0.242011524
0.237435897 0.242408377
0.237435897 0.242281528
0.237435897 0.242154812
0.237948718 0.242550967
0.237948718 0.242424242
0.237948718 0.24229765
0.237948718 0.24217119
0.237948718 0.242044862
0.237948718 0.241918665
0.237948718 0.2417926
0.237948718 0.241666667
0.237948718 0.241540864
0.237948718 0.241415193
0.237948718 0.241289652
0.237948718 0.241164241
0.237948718 0.241038961
0.237948718 0.240913811
0.237948718 0.240788791
0.237948718 0.2406639
0.237948718 0.240539139
0.237948718 0.240414508
0.237948718 0.240290005
0.237948718 0.240165631
0.237948718 0.240041386
0.237948718 0.23991727
0.237948718 0.239793282
0.237948718 0.239669421
0.237948718 0.239545689
0.237948718 0.239422085
0.237948718 0.239298608
0.237948718 0.239175258
0.237948718 0.239052035
0.238461538 0.239443872
0.238461538 0.239320638
0.238461538 0.239197531
0.238461538 0.23907455
0.238461538 0.238951696
0.238461538 0.238828968
0.238461538 0.238706366
0.238461538 0.238583889
0.238461538 0.238461538
0.238461538 0.238339313
0.238461538 0.238217213
0.238461538 0.238095238
0.238461538 0.237973388
0.238461538 0.237851662
0.238461538 0.237730061
0.238974359 0.238119571
0.238974359 0.237997957
0.238974359 0.237876468
0.238974359 0.237755102
0.238974359 0.23763386
0.238974359 0.237512742
0.239487179 0.237901172
0.239487179 0.237780041
0.239487179 0.237659033
0.239487179 0.237538149
0.239487179 0.237417387
0.239487179 0.237296748
0.239487179 0.237176232
0.239487179 0.237055838
0.239487179 0.236935566
0.239487179 0.236815416
0.239487179 0.236695388
0.239487179 0.236575481
0.24 0.236962025
0.240512821 0.237348178
0.240512821 0.237228123
0.240512821 0.23710819
0.240512821 0.236988378
0.240512821 0.236868687
0.240512821 0.236749117
0.240512821 0.236629667
0.241025641 0.237014624
0.241538462 0.237399194
0.241538462 0.237279597
0.241538462 0.237160121
0.241538462 0.237040765
0.241538462 0.236921529
0.241538462 0.236802413
0.241538462 0.236683417
0.241538462 0.23656454
0.241538462 0.236445783
0.241538462 0.236327145
0.241538462 0.236208626
0.241538462 0.236090226
0.241538462 0.235971944
0.241538462 0.235853781
0.241538462 0.235735736
0.241538462 0.235617809
0.241538462 0.2355
0.241538462 0.235382309
0.241538462 0.235264735
0.241538462 0.235147279
0.241538462 0.23502994
0.241538462 0.234912718
0.241538462 0.234795613
0.241538462 0.234678625
0.241538462 0.234561753
0.241538462 0.234444998
0.241538462 0.234328358
0.241538462 0.234211835
0.241538462 0.234095427
0.241538462 0.233979136
0.241538462 0.233862959
0.241538462 0.233746898
0.241538462 0.233630952
0.241538462 0.233515121
0.241538462 0.233399405
0.241538462 0.233283804
0.241538462 0.233168317
0.241538462 0.233052944
0.241538462 0.232937685
0.241538462 0.232822541
0.241538462 0.23270751
0.241538462 0.232592593
0.241538462 0.232477789
0.241538462 0.232363098
0.241538462 0.232248521
0.241538462 0.232134056
0.242051282 0.232512315
0.242051282 0.232397834
0.242051282 0.232283465
0.242051282 0.232169208
0.242051282 0.232055064
0.242051282 0.231941032
0.242051282 0.231827112
0.242051282 0.231713304
0.242051282 0.231599607
0.242051282 0.231486023
0.242051282 0.231372549
0.242051282 0.231259187
0.242051282 0.231145935
0.242051282 0.231032795
0.242051282 0.230919765
0.242051282 0.230806846
0.242051282 0.230694037
0.242051282 0.230581339
0.242564103 0.230957031
0.242564103 0.230844314
0.242564103 0.230731707
0.242564103 0.23061921
0.242564103 0.230506823
0.242564103 0.230394545
0.242564103 0.230282376
0.242564103 0.230170316
0.242564103 0.230058366
0.242564103 0.229946524
0.242564103 0.229834791
0.242564103 0.229723167
0.242564103 0.22961165
0.242564103 0.229500243
0.242564103 0.229388943
0.242564103 0.229277751
0.242564103 0.229166667
0.242564103 0.22905569
0.242564103 0.228944821
0.242564103 0.228834059
0.242564103 0.228723404
0.242564103 0.228612856
0.242564103 0.228502415
0.242564103 0.228392081
0.242564103 0.228281853
0.242564103 0.228171732
0.242564103 0.228061716
0.242564103 0.227951807
0.242564103 0.227842004
0.242564103 0.227732306
0.242564103 0.227622714
0.242564103 0.227513228
0.242564103 0.227403846
0.242564103 0.22729457
0.242564103 0.227185399
0.243076923 0.227556409
0.243076923 0.227447217
0.243076923 0.227338129
0.243076923 0.227229147
0.243076923 0.227120268
0.243076923 0.227011494
0.243076923 0.226902824
0.243076923 0.226794258
0.243076923 0.226685796
0.243076923 0.226577438
0.243076923 0.226469183
0.243076923 0.226361032
0.243076923 0.226252983
0.243076923 0.226145038
0.243076923 0.226037196
0.243589744 0.226406101
0.243589744 0.226298237
0.243589744 0.226190476
0.243589744 0.226082818
0.244102564 0.226450999
0.244102564 0.226343319
0.244615385 0.226711027
0.244615385 0.226603325
0.244615385 0.226495726
0.244615385 0.22638823
0.244615385 0.226280835
0.244615385 0.226173542
0.244615385 0.226066351
0.244615385 0.225959261
0.244615385 0.225852273
0.244615385 0.225745386
0.244615385 0.2256386
0.244615385 0.225531915
0.244615385 0.225425331
0.244615385 0.225318847
0.244615385 0.225212465
0.244615385 0.225106182
0.244615385 0.225
0.245128205 0.225365394
0.245128205 0.225259189
0.245128205 0.225153085
0.245128205 0.225047081
0.245128205 0.224941176
0.245128205 0.224835372
0.245128205 0.224729666
0.245641026 0.225093985
0.245641026 0.224988257
0.245641026 0.224882629
0.245641026 0.2247771
0.245641026 0.22467167
0.245641026 0.224566338
0.245641026 0.224461106
0.245641026 0.224355972
0.245641026 0.224250936
0.245641026 0.224145999
0.245641026 0.22404116
0.245641026 0.223936419
0.245641026 0.223831776
0.245641026 0.22372723
0.245641026 0.223622782
0.245641026 0.223518432
0.245641026 0.223414179
0.245641026 0.223310023
0.245641026 0.223205965
0.245641026 0.223102003
0.245641026 0.222998138
0.245641026 0.222894369
0.245641026 0.222790698
0.245641026 0.222687122
0.245641026 0.222583643
0.245641026 0.22248026
0.245641026 0.222376973
0.245641026 0.222273782
0.245641026 0.222170686
0.245641026 0.222067687
0.245641026 0.221964782
0.245641026 0.221861973
0.245641026 0.221759259
0.245641026 0.22165664
0.245641026 0.221554117
0.245641026 0.221451687
0.245641026 0.221349353
0.245641026 0.221247113
0.245641026 0.221144968
0.246153846 0.221504384
0.246666667 0.221863469
0.246666667 0.22176118
0.246666667 0.221658986
0.246666667 0.221556886
0.246666667 0.22145488
0.246666667 0.221352968
0.246666667 0.22125115
0.246666667 0.221149425
0.246666667 0.221047794
0.246666667 0.220946256
0.246666667 0.220844812
0.246666667 0.22074346
0.246666667 0.220642202
0.246666667 0.220541036
0.246666667 0.220439963
0.246666667 0.220338983
0.246666667 0.220238095
0.246666667 0.2201373
0.246666667 0.220036597
0.246666667 0.219935985
0.246666667 0.219835466
0.246666667 0.219735039
0.246666667 0.219634703
0.246666667 0.219534459
0.246666667 0.219434307
0.246666667 0.219334245
0.246666667 0.219234275
0.246666667 0.219134396
0.246666667 0.219034608
0.246666667 0.218934911
0.246666667 0.218835305
0.247179487 0.219190541
0.247179487 0.219090909
0.247179487 0.218991368
0.247179487 0.218891916
0.247179487 0.218792556
0.247179487 0.218693285
0.247179487 0.218594104
0.247692308 0.218948323
0.247692308 0.218849116
0.247692308 0.21875
0.247692308 0.218650973
0.247692308 0.218552036
0.247692308 0.218453189
0.248205128 0.21880651
0.248205128 0.218707637
0.248205128 0.218608853
0.248205128 0.218510158
0.248205128 0.218411552
0.248205128 0.218313036
0.248205128 0.218214608
0.248717949 0.218566922
0.248717949 0.218468468
0.248717949 0.218370104
0.248717949 0.218271827
0.248717949 0.218173639
0.249230769 0.21852518
0.249230769 0.218426966
0.249230769 0.218328841
0.249230769 0.218230804
0.249230769 0.218132855
0.249230769 0.218034993
0.249230769 0.21793722
0.249230769 0.217839534
0.249230769 0.217741935
0.249230769 0.217644425
0.249230769 0.217547001
0.249230769 0.217449664
0.249230769 0.217352415
0.249230769 0.217255253
0.249230769 0.217158177
0.249230769 0.217061188
0.24974359 0.217410714
0.24974359 0.217313699
0.24974359 0.217216771
0.24974359 0.217119929
0.24974359 0.217023173
0.24974359 0.216926503
0.24974359 0.21682992
0.24974359 0.216733422
0.24974359 0.216637011
0.24974359 0.216540685
0.24974359 0.216444444
0.24974359 0.21634829
0.24974359 0.21625222
0.24974359 0.216156236
0.24974359 0.216060337
0.24974359 0.215964523
0.24974359 0.215868794
0.24974359 0.21577315
0.24974359 0.215677591
0.25025641 0.21602479
0.250769231 0.216371681
0.250769231 0.216275984
0.250769231 0.216180371
0.250769231 0.216084843
0.250769231 0.215989399
0.250769231 0.21589404
0.250769231 0.215798764
0.250769231 0.215703573
0.250769231 0.215608466
0.250769231 0.215513442
0.250769231 0.215418502
0.250769231 0.215323646
0.250769231 0.215228873
0.251282051 0.215574131
0.251282051 0.215479332
0.251282051 0.215384615
0.251282051 0.215289982
0.251282051 0.215195433
0.251282051 0.215100966
0.251282051 0.215006582
0.251282051 0.214912281
0.251282051 0.214818062
0.251282051 0.214723926
0.251282051 0.214629873
0.251282051 0.214535902
0.251282051 0.214442013
0.251794872 0.214785652
0.251794872 0.214691736
0.252307692 0.215034965
0.252307692 0.214941022
0.252307692 0.214847162
0.252820513 0.215189873
0.252820513 0.215095986
0.252820513 0.215002181
0.252820513 0.214908457
0.252820513 0.214814815
0.252820513 0.214721254
0.252820513 0.214627775
0.252820513 0.214534378
0.253333333 0.214876033
0.253333333 0.214782609
0.253333333 0.214689266
0.253333333 0.214596003
0.253333333 0.214502822
0.253333333 0.214409722
0.253333333 0.214316703
0.253333333 0.214223764
0.253333333 0.214130906
0.253333333 0.214038128
0.253846154 0.214378519
0.253846154 0.214285714
0.253846154 0.21419299
0.253846154 0.214100346
0.253846154 0.214007782
0.253846154 0.213915298
0.253846154 0.213822894
0.253846154 0.21373057
0.253846154 0.213638325
0.253846154 0.21354616
0.253846154 0.213454075
0.253846154 0.213362069
0.253846154 0.213270142
0.253846154 0.213178295
0.253846154 0.213086526
0.254358974 0.213425129
0.254358974 0.213333333
0.254358974 0.213241617
0.254358974 0.213149979
0.254358974 0.213058419
0.254358974 0.212966939
0.254358974 0.212875536
0.254358974 0.212784213
0.254358974 0.212692967
0.254358974 0.2126018
0.254358974 0.212510711
0.254358974 0.2124197
0.254358974 0.212328767
0.254358974 0.212237912
0.254358974 0.212147134
0.254358974 0.212056434
0.254358974 0.211965812
0.254358974 0.211875267
0.254358974 0.211784799
0.254358974 0.211694409
0.254358974 0.211604096
0.254358974 0.211513859
0.254358974 0.2114237
0.254358974 0.211333617
0.254358974 0.211243612
0.254358974 0.211153682
0.254358974 0.21106383
0.254358974 0.210974054
0.254358974 0.210884354
0.254358974 0.21079473
0.254358974 0.210705183
0.254358974 0.210615711
0.254358974 0.210526316
0.254358974 0.210436996
0.254358974 0.210347752
0.254358974 0.210258584
0.254358974 0.210169492
0.254358974 0.210080474
0.254358974 0.209991533
0.254358974 0.209902666
0.254358974 0.209813875
0.254358974 0.209725159
0.254358974 0.209636517
0.254358974 0.209547951
0.254871795 0.209881757
0.254871795 0.209793162
0.254871795 0.209704641
0.254871795 0.209616196
0.254871795 0.209527825
0.254871795 0.209439528
0.254871795 0.209351306
0.254871795 0.209263158
0.254871795 0.209175084
0.254871795 0.209087085
0.254871795 0.208999159
0.254871795 0.208911307
0.254871795 0.208823529
0.254871795 0.208735825
0.254871795 0.208648195
0.254871795 0.208560638
0.254871795 0.208473154
0.254871795 0.208385744
0.254871795 0.208298407
0.254871795 0.208211144
0.254871795 0.208123953
0.255384615 0.208455421
0.255384615 0.208368201
0.255384615 0.208281054
0.255384615 0.20819398
0.255897436 0.208524864
0.255897436 0.208437761
0.255897436 0.208350731
0.255897436 0.208263773
0.255897436 0.208176888
0.255897436 0.208090075
0.255897436 0.208003335
0.255897436 0.207916667
0.256410256 0.208246564
0.256923077 0.208576187
0.256923077 0.208489388
0.256923077 0.208402662
0.256923077 0.208316008
0.256923077 0.208229426
0.256923077 0.208142916
0.256923077 0.208056478
0.256923077 0.207970112
0.256923077 0.207883817
0.256923077 0.207797594
0.256923077 0.207711443
0.256923077 0.207625363
0.256923077 0.207539354
0.256923077 0.207453416
0.256923077 0.20736755
0.256923077 0.207281754
0.256923077 0.20719603
0.256923077 0.207110376
0.256923077 0.207024793
0.256923077 0.206939281
0.256923077 0.20685384
0.256923077 0.206768469
0.257435897 0.20709571
0.257435897 0.207010309
0.257435897 0.206924979
0.257435897 0.20683972
0.257948718 0.207166392
0.258461538 0.207492795
0.258974359 0.20781893
0.258974359 0.207733443
0.258974359 0.207648026
0.258974359 0.20756268
0.258974359 0.207477403
0.259487179 0.207802875
0.26 0.208128079
0.26 0.208042675
0.26 0.207957342
0.26 0.207872079
0.26 0.207786885
0.26 0.207701762
0.26 0.207616708
0.26 0.207531723
0.26 0.207446809
0.26 0.207361963
0.26 0.207277187
0.26 0.207192481
0.26 0.207107843
0.26 0.207023275
0.26 0.206938776
0.260512821 0.207262342
0.260512821 0.207177814
0.260512821 0.207093355
0.260512821 0.207008965
0.260512821 0.206924644
0.260512821 0.206840391
0.260512821 0.206756207
0.260512821 0.206672091
0.260512821 0.206588044
0.260512821 0.206504065
0.260512821 0.206420154
0.260512821 0.206336312
0.260512821 0.206252538
0.260512821 0.206168831
0.260512821 0.206085193
0.260512821 0.206001622
0.260512821 0.205918119
0.260512821 0.205834684
0.260512821 0.205751316
0.260512821 0.205668016
0.260512821 0.205584783
0.260512821 0.205501618
0.260512821 0.20541852
0.260512821 0.205335489
0.260512821 0.205252525
0.260512821 0.205169628
0.261025641 0.205490513
0.261025641 0.205407587
0.261025641 0.205324728
0.261025641 0.205241935
0.261025641 0.20515921
0.261025641 0.205076551
0.261025641 0.204993959
0.261025641 0.204911433
0.261025641 0.204828974
0.261025641 0.204746581
0.261025641 0.204664254
0.261025641 0.204581994
0.261025641 0.204499799
0.261025641 0.204417671
0.261025641 0.204335608
0.261025641 0.204253612
0.261025641 0.204171681
0.261025641 0.204089816
0.261025641 0.204008016
0.261025641 0.203926282
0.261025641 0.203844614
0.261025641 0.20376301
0.261538462 0.204081633
0.261538462 0.204
0.261538462 0.203918433
0.261538462 0.20383693
0.261538462 0.203755493
0.261538462 0.203674121
0.262051282 0.203992016
0.262051282 0.203910615
0.262051282 0.203829278
0.262051282 0.203748006
0.262051282 0.2036668
0.262051282 0.203585657
0.262051282 0.20350458
0.262051282 0.203423567
0.262051282 0.203342618
0.262051282 0.203261734
0.262051282 0.203180915
0.262051282 0.203100159
0.262051282 0.203019468
0.262051282 0.20293884
0.262051282 0.202858277
0.262051282 0.202777778
0.262051282 0.202697342
0.262051282 0.202616971
0.262051282 0.202536663
0.262051282 0.202456418
0.262051282 0.202376238
0.262051282 0.20229612
0.262564103 0.202611793
0.262564103 0.202531646
0.262564103 0.202451562
0.262564103 0.202371542
0.262564103 0.202291584
0.262564103 0.20221169
0.262564103 0.202131859
0.262564103 0.202052092
0.262564103 0.201972387
0.262564103 0.201892744
0.262564103 0.201813165
0.262564103 0.201733649
0.262564103 0.201654195
0.262564103 0.201574803
0.262564103 0.201495474
0.262564103 0.201416208
0.263076923 0.20173024
0.263076923 0.201650943
0.263076923 0.201571709
0.263076923 0.201492537
0.263076923 0.201413428
0.263076923 0.20133438
0.263076923 0.201255394
0.263076923 0.201176471
0.263076923 0.201097609
0.263076923 0.201018809
0.263076923 0.200940071
0.263076923 0.200861394
0.263076923 0.200782779
0.263076923 0.200704225
0.263076923 0.200625733
0.263076923 0.200547303
0.263076923 0.200468933
0.263076923 0.200390625
0.263076923 0.200312378
0.263076923 0.200234192
0.263076923 0.200156067
0.263076923 0.200078003
0.263076923 0.2
0.263589744 0.200311769
0.263589744 0.200233736
0.263589744 0.200155763
0.263589744 0.200077851
0.263589744 0.2
0.263589744 0.199922209
0.264102564 0.200233281
0.264615385 0.200544112
0.264615385 0.2004662
0.264615385 0.20038835
0.264615385 0.200310559
0.265128205 0.200620877
0.265128205 0.200543057
0.265128205 0.200465297
0.265128205 0.200387597
0.265128205 0.200309957
0.265128205 0.200232378
0.265128205 0.200154859
0.265128205 0.200077399
0.265128205 0.2
0.265128205 0.19992266
0.265128205 0.199845381
0.265128205 0.199768161
0.265128205 0.199691
0.265128205 0.1996139
0.265128205 0.199536858
0.265128205 0.199459877
0.265128205 0.199382954
0.265128205 0.199306091
0.265128205 0.199229287
0.265128205 0.199152542
0.265128205 0.199075857
0.265641026 0.199384142
0.265641026 0.199307426
0.265641026 0.199230769
0.265641026 0.199154171
0.265641026 0.199077633
0.265641026 0.199001153
0.265641026 0.198924731
0.265641026 0.198848369
0.265641026 0.198772064
0.265641026 0.198695819
0.265641026 0.198619632
0.265641026 0.198543503
0.265641026 0.198467433
0.265641026 0.198391421
0.265641026 0.198315467
0.265641026 0.198239571
0.265641026 0.198163734
0.265641026 0.198087954
0.265641026 0.198012232
0.265641026 0.197936569
0.265641026 0.197860963
0.265641026 0.197785414
0.265641026 0.197709924
0.265641026 0.197634491
0.265641026 0.197559115
0.265641026 0.197483797
0.265641026 0.197408537
0.265641026 0.197333333
0.265641026 0.197258187
0.265641026 0.197183099
0.265641026 0.197108067
0.266153846 0.197413465
0.266153846 0.197338403
0.266666667 0.197643482
0.266666667 0.197568389
0.266666667 0.197493354
0.267179487 0.197798026
0.267179487 0.19772296
0.267179487 0.197647951
0.267179487 0.197573
0.267179487 0.197498105
0.267179487 0.197423266
0.267179487 0.197348485
0.267179487 0.19727376
0.267179487 0.197199092
0.267179487 0.19712448
0.267179487 0.197049924
0.267179487 0.196975425
0.267179487 0.196900983
0.267179487 0.196826596
0.267179487 0.196752266
0.267692308 0.197055493
0.267692308 0.196981132
0.267692308 0.196906828
0.267692308 0.196832579
0.267692308 0.196758387
0.267692308 0.19668425
0.267692308 0.196610169
0.267692308 0.196536145
0.267692308 0.196462175
0.267692308 0.196388262
0.267692308 0.196314404
0.267692308 0.196240602
0.267692308 0.196166855
0.267692308 0.196093163
0.267692308 0.196019527
0.267692308 0.195945946
0.268205128 0.196247655
0.268205128 0.196174044
0.268205128 0.196100487
0.268205128 0.196026987
0.268205128 0.195953541
0.268205128 0.19588015
0.268205128 0.195806814
0.268205128 0.195733533
0.268205128 0.195660307
0.268205128 0.195587135
0.268205128 0.195514019
0.268717949 0.195814649
0.268717949 0.195741502
0.268717949 0.195668409
0.268717949 0.195595371
0.268717949 0.195522388
0.268717949 0.195449459
0.268717949 0.195376585
0.268717949 0.195303764
0.268717949 0.195230999
0.268717949 0.195158287
0.268717949 0.195085629
0.268717949 0.195013026
0.268717949 0.194940476
0.268717949 0.194867981
0.268717949 0.194795539
0.268717949 0.194723151
0.268717949 0.194650817
0.268717949 0.194578537
0.268717949 0.19450631
0.268717949 0.194434137
0.268717949 0.194362018
0.268717949 0.194289952
0.268717949 0.194217939
0.268717949 0.19414598
0.268717949 0.194074074
0.268717949 0.194002221
0.268717949 0.193930422
0.268717949 0.193858676
0.268717949 0.193786982
0.268717949 0.193715342
0.268717949 0.193643755
0.269230769 0.193941633
0.26974359 0.194239291
0.27025641 0.194536729
0.270769231 0.194833948
0.271282051 0.195130948
0.271794872 0.195427729
0.271794872 0.195355695
0.271794872 0.195283714
0.271794872 0.195211786
0.271794872 0.195139912
0.272307692 0.195436143
0.272307692 0.195364238
0.272307692 0.195292387
0.272307692 0.195220588
0.272307692 0.195148842
0.272307692 0.195077149
0.272307692 0.195005509
0.272307692 0.194933921
0.272307692 0.194862385
0.272307692 0.194790902
0.272307692 0.194719472
0.272307692 0.194648094
0.272307692 0.194576768
0.272307692 0.194505495
0.272820513 0.194800439
0.272820513 0.194729136
0.272820513 0.194657885
0.272820513 0.194586686
0.272820513 0.194515539
0.272820513 0.194444444
0.272820513 0.194373402
0.272820513 0.194302411
0.272820513 0.194231471
0.272820513 0.194160584
0.272820513 0.194089748
0.272820513 0.194018964
0.272820513 0.193948232
0.272820513 0.193877551
0.272820513 0.193806922
0.272820513 0.193736344
0.272820513 0.193665817
0.272820513 0.193595342
0.272820513 0.193524918
0.272820513 0.193454545
0.272820513 0.193384224
0.272820513 0.193313953
0.272820513 0.193243734
0.272820513 0.193173566
0.272820513 0.193103448
0.272820513 0.193033382
0.272820513 0.192963366
0.272820513 0.192893401
0.272820513 0.192823487
0.272820513 0.192753623
0.272820513 0.19268381
0.272820513 0.192614048
0.272820513 0.192544336
0.273333333 0.192836469
0.273333333 0.192766727
0.273333333 0.192697035
0.273333333 0.192627394
0.273333333 0.192557803
0.273333333 0.192488263
0.273333333 0.192418773
0.273333333 0.192349332
0.273333333 0.192279942
0.273333333 0.192210602
0.273333333 0.192141312
0.273333333 0.192072072
0.273333333 0.192002882
0.273333333 0.191933741
0.273333333 0.191864651
0.273333333 0.19179561
0.273846154 0.192086331
0.273846154 0.19201726
0.273846154 0.191948239
0.273846154 0.191879267
0.273846154 0.191810345
0.273846154 0.191741472
0.273846154 0.191672649
0.273846154 0.191603875
0.273846154 0.191535151
0.273846154 0.191466475
0.273846154 0.191397849
0.273846154 0.191329273
0.273846154 0.191260745
0.273846154 0.191192266
0.273846154 0.191123837
0.273846154 0.191055456
0.273846154 0.190987124
0.273846154 0.190918842
0.273846154 0.190850608
0.273846154 0.190782422
0.273846154 0.190714286
0.273846154 0.190646198
0.273846154 0.190578158
0.273846154 0.190510168
0.273846154 0.190442225
0.274358974 0.190730838
0.274358974 0.190662865
0.274358974 0.190594941
0.274871795 0.190883191
0.274871795 0.190815237
0.274871795 0.190747331
0.274871795 0.190679473
0.274871795 0.190611664
0.274871795 0.190543903
0.274871795 0.19047619
0.274871795 0.190408526
0.274871795 0.190340909
0.274871795 0.19027334
0.274871795 0.19020582
0.274871795 0.190138347
0.274871795 0.190070922
0.274871795 0.190003545
0.274871795 0.189936215
0.274871795 0.189868934
0.274871795 0.1898017
0.274871795 0.189734513
0.274871795 0.189667374
0.274871795 0.189600283
0.274871795 0.189533239
0.274871795 0.189466242
0.274871795 0.189399293
0.274871795 0.189332391
0.274871795 0.189265537
0.274871795 0.189198729
0.274871795 0.189131969
0.274871795 0.189065256
0.274871795 0.18899859
0.274871795 0.18893197
0.275384615 0.189217759
0.275384615 0.18915111
0.275384615 0.189084507
0.275384615 0.189017951
0.275384615 0.188951443
0.275384615 0.188884981
0.275384615 0.188818565
0.275384615 0.188752197
0.275384615 0.188685875
0.275384615 0.1886196
0.275384615 0.188553371
0.275384615 0.188487188
0.275384615 0.188421053
0.275384615 0.188354963
0.275384615 0.18828892
0.275897436 0.188573431
0.275897436 0.188507358
0.275897436 0.188441331
0.276410256 0.18872549
0.276923077 0.18900945
0.277435897 0.189293212
0.277435897 0.189227002
0.277435897 0.189160839
0.277435897 0.189094722
0.277435897 0.189028651
0.277948718 0.189311911
0.277948718 0.18924581
0.277948718 0.189179756
0.277948718 0.189113747
0.277948718 0.189047785
0.278461538 0.189330544
0.278461538 0.189264552
0.278461538 0.189198606
0.278461538 0.189132706
0.278974359 0.189415042
0.278974359 0.189349112
0.278974359 0.189283229
0.279487179 0.189565217
0.279487179 0.189499305
0.279487179 0.189433438
0.279487179 0.189367616
0.279487179 0.189301841
0.279487179 0.189236111
0.279487179 0.189170427
0.279487179 0.189104788
0.279487179 0.189039195
0.279487179 0.188973648
0.28 0.189254766
0.28 0.189189189
0.280512821 0.189470038
0.281025641 0.189750693
0.281025641 0.189685012
0.281025641 0.189619377
0.281025641 0.189553788
0.281538462 0.189834025
0.281538462 0.189768406
0.281538462 0.189702833
0.281538462 0.189637306
0.282051282 0.189917127
0.282051282 0.189851571
0.282051282 0.189786059
0.282051282 0.189720593
0.282051282 0.189655172
0.282051282 0.189589797
0.282564103 0.189869056
0.282564103 0.189803651
0.282564103 0.189738292
0.283076923 0.190017212
0.283076923 0.189951824
0.283076923 0.189886481
0.283076923 0.189821183
0.283076923 0.18975593
0.283076923 0.189690722
0.283076923 0.189625558
0.283076923 0.18956044
0.283076923 0.189495366
0.283076923 0.189430336
0.283076923 0.189365352
0.283076923 0.189300412
0.283076923 0.189235516
0.283076923 0.189170665
0.283076923 0.189105858
0.283076923 0.189041096
0.283076923 0.188976378
0.283076923 0.188911704
0.283076923 0.188847075
0.283076923 0.18878249
0.283076923 0.188717949
0.283076923 0.188653452
0.283076923 0.188588999
0.283076923 0.18852459
0.283076923 0.188460225
0.283076923 0.188395904
0.283076923 0.188331627
0.283076923 0.188267394
0.283076923 0.188203205
0.283076923 0.188139059
0.283076923 0.188074957
0.283076923 0.188010899
0.283589744 0.188287368
0.283589744 0.188223281
0.283589744 0.188159238
0.283589744 0.188095238
0.283589744 0.188031282
0.283589744 0.187967369
0.283589744 0.1879035
0.283589744 0.187839674
0.283589744 0.187775891
0.283589744 0.187712152
0.283589744 0.187648456
0.284102564 0.187924016
0.284102564 0.187860292
0.284102564 0.18779661
0.284102564 0.187732972
0.284102564 0.187669377
0.284102564 0.187605825
0.284102564 0.187542316
0.284102564 0.187478849
0.284102564 0.187415426
0.284102564 0.187352046
0.284615385 0.187626775
0.284615385 0.187563366
0.284615385 0.1875
0.284615385 0.187436677
0.284615385 0.187373396
0.284615385 0.187310159
0.284615385 0.187246964
0.284615385 0.187183811
0.284615385 0.187120701
0.284615385 0.187057634
0.284615385 0.186994609
0.284615385 0.186931627
0.284615385 0.186868687
0.284615385 0.186805789
0.284615385 0.186742934
0.284615385 0.186680121
0.284615385 0.18661735
0.284615385 0.186554622
0.284615385 0.186491935
0.284615385 0.186429291
0.284615385 0.186366689
0.284615385 0.186304129
0.284615385 0.186241611
0.284615385 0.186179135
0.284615385 0.1861167
0.284615385 0.186054308
0.284615385 0.185991957
0.284615385 0.185929648
0.284615385 0.185867381
0.284615385 0.185805156
0.284615385 0.185742972
0.284615385 0.18568083
0.284615385 0.185618729
0.284615385 0.18555667
0.284615385 0.185494652
0.284615385 0.185432676
0.284615385 0.185370741
0.284615385 0.185308848
0.284615385 0.185246996
0.284615385 0.185185185
0.284615385 0.185123416
0.284615385 0.185061687
0.284615385 0.185
0.284615385 0.184938354
0.284615385 0.184876749
0.284615385 0.184815185
0.284615385 0.184753662
0.284615385 0.18469218
0.284615385 0.184630739
0.284615385 0.184569338
0.284615385 0.184507979
0.284615385 0.18444666
0.284615385 0.184385382
0.284615385 0.184324145
0.284615385 0.184262948
0.284615385 0.184201792
0.284615385 0.184140677
0.284615385 0.184079602
0.284615385 0.184018568
0.284615385 0.183957574
0.284615385 0.18389662
0.284615385 0.183835707
0.284615385 0.183774834
0.284615385 0.183714002
0.284615385 0.18365321
0.284615385 0.183592458
0.284615385 0.183531746
0.284615385 0.183471074
0.284615385 0.183410443
0.284615385 0.183349851
0.284615385 0.1832893
0.284615385 0.183228788
0.284615385 0.183168317
0.284615385 0.183107885
0.284615385 0.183047493
0.284615385 0.182987141
0.284615385 0.182926829
0.284615385 0.182866557
0.284615385 0.182806324
0.284615385 0.182746131
0.284615385 0.182685978
0.284615385 0.182625864
0.285128205 0.182894737
0.285641026 0.183163433
0.285641026 0.183103222
0.285641026 0.18304305
0.285641026 0.182982917
0.285641026 0.182922824
0.285641026 0.182862771
0.285641026 0.182802757
0.285641026 0.182742782
0.285641026 0.182682847
0.285641026 0.182622951
0.285641026 0.182563094
0.285641026 0.182503277
0.285641026 0.182443498
0.285641026 0.182383759
0.285641026 0.182324059
0.286153846 0.182591623
0.286153846 0.182531894
0.286153846 0.182472204
0.286153846 0.182412553
0.286153846 0.182352941
0.286153846 0.182293368
0.286153846 0.182233834
0.286153846 0.182174339
0.286153846 0.182114883
0.286153846 0.182055465
0.286153846 0.181996086
0.286153846 0.181936746
0.286153846 0.181877445
0.286153846 0.181818182
0.286153846 0.181758958
0.286153846 0.181699772
0.286153846 0.181640625
0.286153846 0.181581516
0.286153846 0.181522446
0.286153846 0.181463415
0.286153846 0.181404421
0.286153846 0.181345466
0.286153846 0.18128655
0.286153846 0.181227671
0.286153846 0.181168831
0.286153846 0.181110029
0.286153846 0.181051265
0.286153846 0.18099254
0.286666667 0.181258106
0.286666667 0.181199352
0.286666667 0.181140635
0.286666667 0.181081957
0.286666667 0.181023316
0.286666667 0.180964713
0.286666667 0.180906149
0.286666667 0.180847622
0.286666667 0.180789133
0.287179487 0.181053993
0.287179487 0.180995475
0.287179487 0.180936995
0.287179487 0.180878553
0.287179487 0.180820149
0.287179487 0.180761782
0.287179487 0.180703453
0.287179487 0.180645161
0.287179487 0.180586907
0.287179487 0.180528691
0.287179487 0.180470512
0.287179487 0.180412371
0.287179487 0.180354267
0.287179487 0.180296201
0.287179487 0.180238172
0.287179487 0.18018018
0.287179487 0.180122226
0.287179487 0.180064309
0.287179487 0.180006429
0.287179487 0.179948586
0.287179487 0.179890781
0.287692308 0.180154143
0.287692308 0.180096308
0.287692308 0.180038511
0.287692308 0.179980751
0.287692308 0.179923028
0.287692308 0.179865341
0.287692308 0.179807692
0.287692308 0.17975008
0.287692308 0.179692505
0.287692308 0.179634966
0.287692308 0.179577465
0.287692308 0.17952
0.287692308 0.179462572
0.287692308 0.179405181
0.287692308 0.179347826
0.287692308 0.179290508
0.287692308 0.179233227
0.288205128 0.179495369
0.288205128 0.179438059
0.288205128 0.179380785
0.288205128 0.179323548
0.288205128 0.179266348
0.288205128 0.179209184
0.288205128 0.179152056
0.288205128 0.179094965
0.288205128 0.17903791
0.288205128 0.178980892
0.288205128 0.17892391
0.288205128 0.178866964
0.288205128 0.178810054
0.288205128 0.178753181
0.288205128 0.178696343
0.288205128 0.178639542
0.288205128 0.178582777
0.288205128 0.178526048
0.288205128 0.178469355
0.288717949 0.178730159
0.288717949 0.178673437
0.288717949 0.178616751
0.288717949 0.178560101
0.288717949 0.178503488
0.288717949 0.17844691
0.288717949 0.178390368
0.288717949 0.178333861
0.288717949 0.178277391
0.288717949 0.178220956
0.288717949 0.178164557
0.288717949 0.178108194
0.288717949 0.178051866
0.288717949 0.177995574
0.288717949 0.177939317
0.288717949 0.177883096
0.288717949 0.177826911
0.288717949 0.177770761
0.288717949 0.177714646
0.288717949 0.177658567
0.288717949 0.177602524
0.288717949 0.177546515
0.288717949 0.177490542
0.288717949 0.177434604
0.289230769 0.177693762
0.289230769 0.177637795
0.289230769 0.177581864
0.289230769 0.177525968
0.289230769 0.177470107
0.289230769 0.177414281
0.289230769 0.177358491
0.289230769 0.177302735
0.289230769 0.177247014
0.289230769 0.177191329
0.289230769 0.177135678
0.289230769 0.177080063
0.289230769 0.177024482
0.289230769 0.176968936
0.289230769 0.176913425
0.289230769 0.176857949
0.289230769 0.176802508
0.28974359 0.177060483
0.28974359 0.177005013
0.28974359 0.176949577
0.28974359 0.176894177
0.28974359 0.176838811
0.28974359 0.176783479
0.28974359 0.176728183
0.28974359 0.176672921
0.28974359 0.176617693
0.28974359 0.1765625
0.28974359 0.176507341
0.28974359 0.176452217
0.28974359 0.176397128
0.28974359 0.176342072
0.29025641 0.176599064
0.29025641 0.17654398
0.29025641 0.17648893
0.29025641 0.176433915
0.29025641 0.176378934
0.29025641 0.176323988
0.29025641 0.176269075
0.29025641 0.176214197
0.29025641 0.176159353
0.29025641 0.176104543
0.29025641 0.176049767
0.29025641 0.175995025
0.29025641 0.175940317
0.29025641 0.175885643
0.29025641 0.175831003
0.29025641 0.175776398
0.29025641 0.175721826
0.29025641 0.175667287
0.29025641 0.175612783
0.29025641 0.175558313
0.29025641 0.175503876
0.29025641 0.175449473
0.29025641 0.175395104
0.29025641 0.175340768
0.29025641 0.175286466
0.29025641 0.175232198
0.29025641 0.175177963
0.290769231 0.175433168
0.290769231 0.175378905
0.290769231 0.175324675
0.290769231 0.175270479
0.290769231 0.175216316
0.290769231 0.175162187
0.290769231 0.175108091
0.290769231 0.175054029
0.290769231 0.175
0.291282051 0.175254551
0.291282051 0.175200494
0.291282051 0.175146469
0.291282051 0.175092478
0.291794872 0.175346687
0.292307692 0.175600739
0.292307692 0.175546658
0.292307692 0.175492611
0.292307692 0.175438596
0.292307692 0.175384615
0.292307692 0.175330667
0.292307692 0.175276753
0.292307692 0.175222871
0.292820513 0.175476337
0.292820513 0.175422427
0.292820513 0.17536855
0.292820513 0.175314707
0.292820513 0.175260896
0.292820513 0.175207119
0.292820513 0.175153374
0.292820513 0.175099663
0.292820513 0.175045984
0.292820513 0.174992338
0.292820513 0.174938725
0.292820513 0.174885145
0.292820513 0.174831598
0.292820513 0.174778084
0.292820513 0.174724602
0.292820513 0.174671153
0.292820513 0.174617737
0.292820513 0.174564353
0.292820513 0.174511002
0.292820513 0.174457684
0.292820513 0.174404398
0.292820513 0.174351145
0.292820513 0.174297924
0.292820513 0.174244736
0.293333333 0.174496644
0.293333333 0.174443428
0.293333333 0.174390244
0.293333333 0.174337092
0.293333333 0.174283973
0.293333333 0.174230886
0.293333333 0.174177832
0.293333333 0.17412481
0.293333333 0.17407182
0.293846154 0.174323091
0.293846154 0.174270073
0.293846154 0.174217087
0.293846154 0.174164134
0.293846154 0.174111212
0.293846154 0.174058323
0.293846154 0.174005466
0.293846154 0.173952641
0.293846154 0.173899848
0.293846154 0.173847087
0.293846154 0.173794359
0.293846154 0.173741662
0.293846154 0.173688997
0.293846154 0.173636364
0.293846154 0.173583762
0.294358974 0.17383404
0.294358974 0.173781411
0.294358974 0.173728814
0.294358974 0.173676248
0.294358974 0.173623714
0.294358974 0.173571213
0.294358974 0.173518742
0.294358974 0.173466304
0.294358974 0.173413897
0.294358974 0.173361522
0.294358974 0.173309179
0.294358974 0.173256867
0.294358974 0.173204587
0.294358974 0.173152338
0.294358974 0.173100121
0.294358974 0.173047935
0.294358974 0.172995781
0.294358974 0.172943658
0.294358974 0.172891566
0.294871795 0.17314062
0.294871795 0.173088501
0.294871795 0.173036413
0.294871795 0.172984356
0.294871795 0.172932331
0.294871795 0.172880337
0.294871795 0.172828374
0.294871795 0.172776442
0.294871795 0.172724542
0.294871795 0.172672673
0.294871795 0.172620835
0.295384615 0.172869148
0.295384615 0.172817282
0.295897436 0.173065387
0.296410256 0.173313343
0.296410256 0.173261391
0.296410256 0.17320947
0.296410256 0.173157579
0.296410256 0.17310572
0.296923077 0.173353293
0.296923077 0.173301407
0.296923077 0.173249551
0.296923077 0.173197727
0.296923077 0.173145933
0.296923077 0.17309417
0.296923077 0.173042439
0.296923077 0.172990738
0.296923077 0.172939068
0.296923077 0.172887429
0.296923077 0.172835821
0.296923077 0.172784244
0.296923077 0.172732697
0.296923077 0.172681181
0.296923077 0.172629696
0.296923077 0.172578241
0.296923077 0.172526818
0.296923077 0.172475424
0.296923077 0.172424062
0.297435897 0.172670438
0.297435897 0.172619048
0.297435897 0.172567688
0.297435897 0.172516359
0.297435897 0.172465061
0.297435897 0.172413793
0.297435897 0.172362556
0.297435897 0.172311349
0.297435897 0.172260172
0.297435897 0.172209026
0.297435897 0.17215791
0.297948718 0.172403561
0.297948718 0.172352418
0.297948718 0.172301305
0.297948718 0.172250222
0.297948718 0.17219917
0.297948718 0.172148148
0.297948718 0.172097156
0.297948718 0.172046195
0.297948718 0.171995263
0.297948718 0.171944362
0.297948718 0.171893491
0.297948718 0.17184265
0.297948718 0.171791839
0.297948718 0.171741058
0.297948718 0.171690307
0.297948718 0.171639586
0.297948718 0.171588895
0.297948718 0.171538234
0.297948718 0.171487603
0.297948718 0.171437002
0.297948718 0.171386431
0.297948718 0.171335889
0.297948718 0.171285377
0.297948718 0.171234895
0.297948718 0.171184443
0.297948718 0.171134021
0.297948718 0.171083628
0.298461538 0.171327642
0.298461538 0.171277222
0.298461538 0.171226831
0.298461538 0.171176471
0.298461538 0.171126139
0.298461538 0.171075838
0.298461538 0.171025566
0.298461538 0.170975323
0.298461538 0.17092511
0.298461538 0.170874927
0.298461538 0.170824773
0.298461538 0.170774648
0.298461538 0.170724553
0.298461538 0.170674487
0.298461538 0.17062445
0.298461538 0.170574443
0.298461538 0.170524465
0.298461538 0.170474517
0.298461538 0.170424597
0.298461538 0.170374707
0.298461538 0.170324846
0.298461538 0.170275015
0.298461538 0.170225212
0.298461538 0.170175439
0.298461538 0.170125694
0.298461538 0.170075979
0.298461538 0.170026293
0.298461538 0.169976636
0.298461538 0.169927007
0.298461538 0.169877408
0.298461538 0.169827838
0.298461538 0.169778296
0.298461538 0.169728784
0.298461538 0.1696793
0.298461538 0.169629846
0.298461538 0.16958042
0.298461538 0.169531022
0.298461538 0.169481654
0.298461538 0.169432314
0.298461538 0.169383003
0.298461538 0.169333721
0.298461538 0.169284468
0.298461538 0.169235243
0.298461538 0.169186047
0.298461538 0.169136879
0.298974359 0.169378268
0.298974359 0.169329073
0.298974359 0.169279907
0.298974359 0.169230769
0.298974359 0.16918166
0.298974359 0.169132579
0.298974359 0.169083527
0.298974359 0.169034503
0.299487179 0.169275362
0.299487179 0.169226311
0.299487179 0.169177289
0.299487179 0.169128294
0.299487179 0.169079328
0.299487179 0.169030391
0.299487179 0.168981481
0.299487179 0.168932601
0.299487179 0.168883748
0.299487179 0.168834923
0.299487179 0.168786127
0.299487179 0.168737359
0.299487179 0.168688619
0.299487179 0.168639908
0.299487179 0.168591224
0.299487179 0.168542569
0.299487179 0.168493941
0.299487179 0.168445342
0.299487179 0.16839677
0.299487179 0.168348227
0.299487179 0.168299712
0.299487179 0.168251224
0.299487179 0.168202765
0.299487179 0.168154333
0.299487179 0.16810593
0.299487179 0.168057554
0.299487179 0.168009206
0.299487179 0.167960886
0.299487179 0.167912593
0.299487179 0.167864329
0.3 0.168103448
0.3 0.168055157
0.3 0.168006893
0.3 0.167958656
0.3 0.167910448
0.3 0.167862267
0.3 0.167814114
0.3 0.167765988
0.3 0.16771789
0.3 0.167669819
0.3 0.167621777
0.3 0.167573761
0.3 0.167525773
0.3 0.167477813
0.3 0.16742988
0.3 0.167381974
0.3 0.167334096
0.3 0.167286245
0.3 0.167238422
0.3 0.167190626
0.3 0.167142857
0.3 0.167095116
0.3 0.167047401
0.3 0.166999715
0.3 0.166952055
0.3 0.166904422
0.3 0.166856817
0.3 0.166809239
0.3 0.166761688
0.3 0.166714164
0.3 0.166666667
0.3 0.166619197
0.3 0.166571754
0.3 0.166524338
0.3 0.166476949
0.3 0.166429587
0.3 0.166382253
0.3 0.166334945
0.3 0.166287663
0.3 0.166240409
0.3 0.166193182
0.3 0.166145981
0.300512821 0.166382737
0.300512821 0.16633551
0.300512821 0.166288309
0.301025641 0.166524823
0.301025641 0.166477595
0.301025641 0.166430394
0.301025641 0.16638322
0.301025641 0.166336073
0.301025641 0.166288952
0.301025641 0.166241858
0.301025641 0.16619479
0.301025641 0.16614775
0.301025641 0.166100736
0.301025641 0.166053748
0.301025641 0.166006787
0.301025641 0.165959853
0.301538462 0.166195591
0.301538462 0.16614863
0.301538462 0.166101695
0.301538462 0.166054787
0.301538462 0.166007905
0.302051282 0.166243297
0.302051282 0.166196388
0.302051282 0.166149506
0.302051282 0.166102651
0.302051282 0.166055822
0.302051282 0.166009019
0.302051282 0.165962243
0.302051282 0.165915493
0.302564103 0.16615038
0.302564103 0.166103604
0.302564103 0.166056853
0.302564103 0.166010129
0.302564103 0.165963432
0.302564103 0.16591676
0.302564103 0.165870115
0.302564103 0.165823496
0.302564103 0.165776904
0.302564103 0.165730337
0.302564103 0.165683797
0.302564103 0.165637282
0.302564103 0.165590794
0.302564103 0.165544332
0.302564103 0.165497896
0.302564103 0.165451486
0.302564103 0.165405102
0.303076923 0.165639013
0.303076923 0.165592603
0.303076923 0.165546218
0.303076923 0.16549986
0.303076923 0.165453527
0.303076923 0.165407221
0.303076923 0.16536094
0.303076923 0.165314685
0.303076923 0.165268456
0.303076923 0.165222253
0.303076923 0.165176076
0.303076923 0.165129925
0.303076923 0.165083799
0.303076923 0.165037699
0.303076923 0.164991625
0.303076923 0.164945576
0.303076923 0.164899554
0.303076923 0.164853556
0.303076923 0.164807585
0.303076923 0.164761639
0.303076923 0.164715719
0.303076923 0.164669824
0.303076923 0.164623955
0.303076923 0.164578112
0.303076923 0.164532294
0.303076923 0.164486502
0.303076923 0.164440735
0.303076923 0.164394993
0.303076923 0.164349277
0.303076923 0.164303586
0.303076923 0.164257921
0.303076923 0.164212281
0.303076923 0.164166667
0.303076923 0.164121077
0.303076923 0.164075514
0.303076923 0.164029975
0.303076923 0.163984462
0.303076923 0.163938974
0.303076923 0.163893511
0.303076923 0.163848073
0.303076923 0.163802661
0.303076923 0.163757273
0.303076923 0.163711911
0.303076923 0.163666574
0.303076923 0.163621262
0.303076923 0.163575976
0.303076923 0.163530714
0.303076923 0.163485477
0.303076923 0.163440265
0.303076923 0.163395079
0.303076923 0.163349917
0.303076923 0.16330478
0.303076923 0.163259669
0.303076923 0.163214582
0.303076923 0.16316952
0.303076923 0.163124482
0.303076923 0.16307947
0.303076923 0.163034483
0.303076923 0.16298952
0.303076923 0.162944582
0.303076923 0.162899669
0.303076923 0.162854781
0.303076923 0.162809917
0.303076923 0.162765078
0.303076923 0.162720264
0.303076923 0.162675475
0.303076923 0.16263071
0.303076923 0.16258597
0.303076923 0.162541254
0.303076923 0.162496563
0.303589744 0.162726773
0.303589744 0.162682056
0.303589744 0.162637363
0.303589744 0.162592694
0.303589744 0.162548051
0.303589744 0.162503431
0.303589744 0.162458836
0.303589744 0.162414266
0.303589744 0.16236972
0.303589744 0.162325199
0.303589744 0.162280702
0.304102564 0.162510277
0.304102564 0.162465753
0.304102564 0.162421254
0.304102564 0.16237678
0.304102564 0.16233233
0.304102564 0.162287904
0.304615385 0.1625171
0.304615385 0.162472648
0.304615385 0.16242822
0.304615385 0.162383816
0.304615385 0.162339437
0.304615385 0.162295082
0.304615385 0.162250751
0.304615385 0.162206445
0.304615385 0.162162162
0.304615385 0.162117904
0.304615385 0.16207367
0.304615385 0.16202946
0.304615385 0.161985274
0.304615385 0.161941112
0.304615385 0.161896975
0.304615385 0.161852861
0.304615385 0.161808771
0.304615385 0.161764706
0.304615385 0.161720664
0.305128205 0.16194883
0.305128205 0.161904762
0.305128205 0.161860718
0.305128205 0.161816698
0.305128205 0.161772703
0.305128205 0.161728731
0.305128205 0.161684783
0.305128205 0.161640858
0.305128205 0.161596958
0.305128205 0.161553082
0.305128205 0.161509229
0.305128205 0.1614654
0.305641026 0.161692892
0.305641026 0.161649037
0.305641026 0.161605206
0.305641026 0.161561399
0.305641026 0.161517615
0.305641026 0.161473855
0.305641026 0.161430119
0.305641026 0.161386407
0.305641026 0.161342718
0.305641026 0.161299053
0.305641026 0.161255411
0.305641026 0.161211793
0.305641026 0.161168199
0.305641026 0.161124628
0.305641026 0.161081081
0.305641026 0.161037557
0.305641026 0.160994057
0.305641026 0.160950581
0.305641026 0.160907127
0.305641026 0.160863698
0.305641026 0.160820291
0.305641026 0.160776909
0.305641026 0.160733549
0.305641026 0.160690213
0.305641026 0.1606469
0.305641026 0.160603611
0.305641026 0.160560345
0.305641026 0.160517102
0.305641026 0.160473883
0.305641026 0.160430686
0.305641026 0.160387513
0.305641026 0.160344364
0.305641026 0.160301237
0.305641026 0.160258134
0.305641026 0.160215054
0.305641026 0.160171997
0.305641026 0.160128963
0.305641026 0.160085952
0.305641026 0.160042965
0.305641026 0.16
0.305641026 0.159957059
0.305641026 0.15991414
0.305641026 0.159871245
0.305641026 0.159828372
0.305641026 0.159785523
0.305641026 0.159742696
0.305641026 0.159699893
0.305641026 0.159657112
0.305641026 0.159614355
0.305641026 0.15957162
0.305641026 0.159528908
0.305641026 0.159486219
0.305641026 0.159443553
0.305641026 0.159400909
0.305641026 0.159358289
0.305641026 0.159315691
0.305641026 0.159273116
0.306153846 0.159497729
0.306153846 0.159455128
0.306153846 0.15941255
0.306153846 0.159369995
0.306153846 0.159327462
0.306153846 0.159284952
0.306153846 0.159242465
0.306153846 0.1592
0.306153846 0.159157558
0.306153846 0.159115139
0.306153846 0.159072742
0.306153846 0.159030368
0.306153846 0.158988016
0.306153846 0.158945687
0.306153846 0.15890338
0.306153846 0.158861096
0.306153846 0.158818835
0.306153846 0.158776596
0.306153846 0.158734379
0.306153846 0.158692185
0.306153846 0.158650013
0.306153846 0.158607864
0.306153846 0.158565737
0.306153846 0.158523633
0.306153846 0.15848155
0.306153846 0.15843949
0.306153846 0.158397453
0.306153846 0.158355438
0.306153846 0.158313445
0.306153846 0.158271474
0.306153846 0.158229526
0.306153846 0.158187599
0.306153846 0.158145695
0.306153846 0.158103814
0.306153846 0.158061954
0.306153846 0.158020116
0.306153846 0.157978301
0.306153846 0.157936508
0.306153846 0.157894737
0.306153846 0.157852988
0.306153846 0.157811261
0.306666667 0.158033827
0.306666667 0.157992074
0.306666667 0.157950343
0.306666667 0.157908635
0.306666667 0.157866948
0.306666667 0.157825284
0.306666667 0.157783641
0.306666667 0.157742021
0.306666667 0.157700422
0.306666667 0.157658845
0.306666667 0.15761729
0.307179487 0.157839262
0.307692308 0.158061117
0.307692308 0.158019489
0.307692308 0.157977883
0.307692308 0.157936299
0.307692308 0.157894737
0.308205128 0.158116285
0.308205128 0.158074698
0.308205128 0.158033132
0.308205128 0.157991588
0.308205128 0.157950066
0.308205128 0.157908565
0.308717949 0.158129761
0.308717949 0.158088235
0.308717949 0.158046731
0.308717949 0.158005249
0.309230769 0.158226187
0.309230769 0.15818468
0.309230769 0.158143194
0.309230769 0.15810173
0.30974359 0.158322412
0.30974359 0.158280922
0.30974359 0.158239455
0.30974359 0.158198009
0.30974359 0.158156585
0.30974359 0.158115183
0.30974359 0.158073803
0.31025641 0.158294087
0.31025641 0.158252681
0.31025641 0.158211297
0.31025641 0.158169935
0.31025641 0.158128594
0.31025641 0.158087275
0.31025641 0.158045977
0.31025641 0.158004701
0.31025641 0.157963446
0.31025641 0.157922214
0.31025641 0.157881002
0.31025641 0.157839812
0.31025641 0.157798644
0.31025641 0.157757497
0.31025641 0.157716371
0.31025641 0.157675267
0.31025641 0.157634184
0.31025641 0.157593123
0.31025641 0.157552083
0.31025641 0.157511065
0.31025641 0.157470068
0.31025641 0.157429092
0.31025641 0.157388137
0.31025641 0.157347204
0.31025641 0.157306292
0.31025641 0.157265402
0.31025641 0.157224532
0.31025641 0.157183684
0.31025641 0.157142857
0.31025641 0.157102051
0.31025641 0.157061267
0.31025641 0.157020504
0.31025641 0.156979761
0.31025641 0.15693904
0.31025641 0.15689834
0.31025641 0.156857661
0.31025641 0.156817004
0.31025641 0.156776367
0.31025641 0.156735751
0.310769231 0.156954157
0.310769231 0.156913516
0.310769231 0.156872897
0.310769231 0.156832298
0.310769231 0.156791721
0.310769231 0.156751164
0.310769231 0.156710628
0.310769231 0.156670114
0.310769231 0.15662962
0.310769231 0.156589147
0.310769231 0.156548695
0.310769231 0.156508264
0.310769231 0.156467854
0.310769231 0.156427465
0.310769231 0.156387097
0.311282051 0.156604747
0.311282051 0.156564354
0.311282051 0.156523981
0.311282051 0.15648363
0.311282051 0.156443299
0.311282051 0.156402989
0.311282051 0.1563627
0.311282051 0.156322431
0.311282051 0.156282183
0.311282051 0.156241956
0.311282051 0.15620175
0.311282051 0.156161564
0.311282051 0.156121399
0.311794872 0.15633839
0.311794872 0.156298201
0.311794872 0.156258031
0.311794872 0.156217883
0.311794872 0.156177755
0.311794872 0.156137648
0.311794872 0.156097561
0.311794872 0.156057495
0.311794872 0.156017449
0.311794872 0.155977424
0.311794872 0.15593742
0.311794872 0.155897436
0.311794872 0.155857472
0.311794872 0.155817529
0.311794872 0.155777607
0.311794872 0.155737705
0.311794872 0.155697823
0.311794872 0.155657962
0.311794872 0.155618121
0.311794872 0.155578301
0.311794872 0.155538501
0.311794872 0.155498721
0.311794872 0.155458962
0.311794872 0.155419223
0.311794872 0.155379504
0.311794872 0.155339806
0.311794872 0.155300128
0.311794872 0.15526047
0.311794872 0.155220832
0.311794872 0.155181215
0.311794872 0.155141618
0.311794872 0.155102041
0.311794872 0.155062484
0.312307692 0.155277919
0.312307692 0.155238338
0.312307692 0.155198777
0.312307692 0.155159236
0.312307692 0.155119715
0.312307692 0.155080214
0.312307692 0.155040733
0.312307692 0.155001273
0.312307692 0.154961832
0.312307692 0.154922412
0.312307692 0.154883011
0.312307692 0.154843631
0.312307692 0.15480427
0.312307692 0.15476493
0.312307692 0.15472561
0.312307692 0.154686309
0.312307692 0.154647029
0.312307692 0.154607768
0.312307692 0.154568528
0.312307692 0.154529307
0.312307692 0.154490107
0.312307692 0.154450926
0.312820513 0.154665314
0.312820513 0.154626109
0.312820513 0.154586923
0.312820513 0.154547758
0.312820513 0.154508612
0.312820513 0.154469486
0.312820513 0.15443038
0.312820513 0.154391293
